8.338506401777267456e+02 5.400000000000000000e+01
8.233650915622711182e+02 7.900000000000000000e+01
8.128796523809432983e+02 7.800000000000000000e+01
8.023938498497009277e+02 6.200000000000000000e+01
7.919080623388290405e+02 9.400000000000000000e+01
7.814220057725906372e+02 8.700000000000000000e+01
7.709358696937561035e+02 1.150000000000000000e+02
7.604495593309402466e+02 1.020000000000000000e+02
7.499630745649337769e+02 1.310000000000000000e+02
7.394762263298034668e+02 1.460000000000000000e+02
7.289893928766250610e+02 1.910000000000000000e+02
7.185021014213562012e+02 2.530000000000000000e+02
7.080148247480392456e+02 3.810000000000000000e+02
6.975274683237075806e+02 5.780000000000000000e+02
6.870399376153945923e+02 1.261000000000000000e+03
6.765522326231002808e+02 2.344000000000000000e+03
6.660642585754394531e+02 4.212000000000000000e+03
6.555761101245880127e+02 5.335000000000000000e+03
6.450877872705459595e+02 4.208000000000000000e+03
6.345993845462799072e+02 3.620000000000000000e+03
6.241108076572418213e+02 3.711000000000000000e+03
6.136217724084854126e+02 4.312000000000000000e+03
6.031328463554382324e+02 4.352000000000000000e+03
5.926436516046524048e+02 2.933000000000000000e+03
5.821543768644332886e+02 1.420000000000000000e+03
5.716647384166717529e+02 3.810000000000000000e+02
5.611751148700714111e+02 2.120000000000000000e+02
5.506853168010711670e+02 1.620000000000000000e+02
5.401952495574951172e+02 1.050000000000000000e+02
5.297051025629043579e+02 8.900000000000000000e+01
5.192147810459136963e+02 8.000000000000000000e+01
5.087240958213806152e+02 7.000000000000000000e+01
4.982333306074142456e+02 6.500000000000000000e+01
4.877422963380813599e+02 7.400000000000000000e+01
4.772512767314910889e+02 7.800000000000000000e+01
4.667599879503250122e+02 6.900000000000000000e+01
4.562686194181442261e+02 4.900000000000000000e+01
4.457770761251449585e+02 5.900000000000000000e+01
4.352853584289550781e+02 5.100000000000000000e+01
4.247932767868041992e+02 6.500000000000000000e+01
4.143012098073959351e+02 6.600000000000000000e+01
