1.167047763586044312e+03 6.600000000000000000e+01
1.156549320340156555e+03 9.100000000000000000e+01
1.146050986170768738e+03 7.900000000000000000e+01
1.135552193760871887e+03 1.030000000000000000e+02
1.125053226590156555e+03 7.100000000000000000e+01
1.114554085016250610e+03 8.200000000000000000e+01
1.104054863214492798e+03 8.300000000000000000e+01
1.093555561423301697e+03 7.400000000000000000e+01
1.083055895924568176e+03 7.400000000000000000e+01
1.072556150197982788e+03 8.200000000000000000e+01
1.062056135416030884e+03 1.000000000000000000e+02
1.051555945873260498e+03 8.500000000000000000e+01
1.041055581688880920e+03 8.200000000000000000e+01
1.030555326342582703e+03 8.500000000000000000e+01
1.020054612755775452e+03 8.100000000000000000e+01
1.009553724408149719e+03 9.100000000000000000e+01
9.990526615381240845e+02 8.800000000000000000e+01
9.885516128540039062e+02 8.300000000000000000e+01
9.780502004623413086e+02 9.000000000000000000e+01
9.675486130714416504e+02 1.090000000000000000e+02
9.570471349954605103e+02 1.030000000000000000e+02
9.465451983213424683e+02 9.800000000000000000e+01
9.360430867671966553e+02 9.800000000000000000e+01
9.255408005714416504e+02 1.030000000000000000e+02
9.150386233329772949e+02 1.020000000000000000e+02
9.045359874963760376e+02 1.030000000000000000e+02
8.940331768989562988e+02 1.260000000000000000e+02
8.835302859544754028e+02 1.230000000000000000e+02
8.730271258354187012e+02 1.200000000000000000e+02
8.625237905979156494e+02 1.360000000000000000e+02
8.520202807188034058e+02 1.060000000000000000e+02
8.415168797969818115e+02 1.230000000000000000e+02
8.310130201578140259e+02 1.260000000000000000e+02
8.205089857578277588e+02 1.320000000000000000e+02
8.100049655437469482e+02 1.490000000000000000e+02
7.995005813837051392e+02 1.650000000000000000e+02
7.889960223436355591e+02 1.610000000000000000e+02
7.784912884235382080e+02 1.860000000000000000e+02
7.679866632223129272e+02 2.300000000000000000e+02
7.574815795421600342e+02 2.500000000000000000e+02
7.469763206243515015e+02 2.810000000000000000e+02
7.364711709022521973e+02 3.360000000000000000e+02
7.259655622243881226e+02 5.140000000000000000e+02
7.154597787857055664e+02 7.060000000000000000e+02
7.049538201093673706e+02 1.648000000000000000e+03
6.944477813243865967e+02 3.129000000000000000e+03
6.839414730072021484e+02 5.114000000000000000e+03
6.734349895715713501e+02 6.493000000000000000e+03
6.629285202026367188e+02 8.392000000000000000e+03
6.524216867685317993e+02 1.014100000000000000e+04
6.419146784543991089e+02 1.292300000000000000e+04
6.314074950218200684e+02 1.167400000000000000e+04
6.209004204273223877e+02 1.060900000000000000e+04
6.103928868770599365e+02 9.556000000000000000e+03
5.998851783275604248e+02 9.067000000000000000e+03
5.893775786161422729e+02 7.603000000000000000e+03
5.788695199489593506e+02 4.548000000000000000e+03
5.683612861633300781e+02 2.302000000000000000e+03
5.578528773784637451e+02 8.000000000000000000e+02
5.473444827795028687e+02 3.910000000000000000e+02
5.368357237577438354e+02 2.880000000000000000e+02
5.263267897367477417e+02 2.270000000000000000e+02
5.158178697824478149e+02 2.050000000000000000e+02
5.053085854053497314e+02 1.430000000000000000e+02
4.947991259098052979e+02 1.400000000000000000e+02
4.842894911766052246e+02 1.290000000000000000e+02
4.737798708677291870e+02 1.300000000000000000e+02
4.632698858976364136e+02 1.170000000000000000e+02
4.527597258090972900e+02 1.100000000000000000e+02
4.422496743202209473e+02 8.500000000000000000e+01
4.317391639947891235e+02 8.600000000000000000e+01
4.212284784317016602e+02 8.900000000000000000e+01
4.107176176309585571e+02 9.400000000000000000e+01
4.002068653106689453e+02 7.500000000000000000e+01
3.896956540346145630e+02 9.300000000000000000e+01
3.791842676401138306e+02 7.900000000000000000e+01
3.686728951930999756e+02 8.200000000000000000e+01
3.581611583232879639e+02 8.300000000000000000e+01
3.476492460966110229e+02 9.000000000000000000e+01
3.371371585130691528e+02 8.500000000000000000e+01
3.266250849962234497e+02 7.100000000000000000e+01
3.161126469373703003e+02 7.600000000000000000e+01
3.056000336408615112e+02 7.900000000000000000e+01
2.950874342918395996e+02 9.200000000000000000e+01
2.845744702816009521e+02 7.900000000000000000e+01
2.740613311529159546e+02 6.900000000000000000e+01
2.635480164289474487e+02 6.500000000000000000e+01
2.530348105430603027e+02 8.100000000000000000e+01
2.425211452245712280e+02 7.200000000000000000e+01
2.320073046684265137e+02 7.700000000000000000e+01
2.214935727119445801e+02 6.200000000000000000e+01
2.109793814420700073e+02 7.800000000000000000e+01
2.004650146961212158e+02 7.400000000000000000e+01
1.899504725933074951e+02 6.600000000000000000e+01
1.794359443187713623e+02 7.000000000000000000e+01
1.689210515022277832e+02 6.300000000000000000e+01
1.584059832096099854e+02 6.700000000000000000e+01
1.478907394409179688e+02 6.000000000000000000e+01
1.373755096197128296e+02 8.200000000000000000e+01
1.268599150180816650e+02 5.800000000000000000e+01
1.163441449403762817e+02 7.300000000000000000e+01
