8.341898659467697144e+02 1.050000000000000000e+02
8.237067782878875732e+02 1.120000000000000000e+02
8.132234216928482056e+02 1.060000000000000000e+02
8.027399855852127075e+02 1.200000000000000000e+02
7.922563754320144653e+02 1.320000000000000000e+02
7.817724963426589966e+02 1.590000000000000000e+02
7.712882539033889771e+02 1.600000000000000000e+02
7.608041208982467651e+02 1.440000000000000000e+02
7.503197191953659058e+02 2.150000000000000000e+02
7.398351432085037231e+02 2.220000000000000000e+02
7.293503930568695068e+02 3.230000000000000000e+02
7.188656579256057739e+02 4.180000000000000000e+02
7.083805592060089111e+02 5.950000000000000000e+02
6.978952860832214355e+02 1.009000000000000000e+03
6.874098389148712158e+02 2.069000000000000000e+03
6.769244065284729004e+02 3.914000000000000000e+03
6.664386106729507446e+02 6.912000000000000000e+03
6.559526405334472656e+02 8.206000000000000000e+03
6.454664961099624634e+02 6.859000000000000000e+03
6.349802718162536621e+02 5.447000000000000000e+03
6.244938733577728271e+02 5.820000000000000000e+03
6.140069218873977661e+02 6.815000000000000000e+03
6.035201747417449951e+02 6.101000000000000000e+03
5.930332533121109009e+02 4.853000000000000000e+03
5.825460627079010010e+02 1.963000000000000000e+03
5.720586978197097778e+02 5.950000000000000000e+02
5.615712530612945557e+02 3.240000000000000000e+02
5.510835393667221069e+02 2.280000000000000000e+02
5.405956512689590454e+02 1.990000000000000000e+02
5.301076834201812744e+02 1.460000000000000000e+02
5.196195411682128906e+02 1.190000000000000000e+02
5.091311297416687012e+02 1.160000000000000000e+02
4.986425439119338989e+02 8.400000000000000000e+01
4.881537836790084839e+02 9.200000000000000000e+01
4.776650382280349731e+02 1.020000000000000000e+02
4.671756452322006226e+02 7.300000000000000000e+01
4.566865508556365967e+02 9.600000000000000000e+01
4.461970927715301514e+02 7.800000000000000000e+01
4.357074600458145142e+02 8.700000000000000000e+01
4.252176530361175537e+02 6.300000000000000000e+01
4.147277661561965942e+02 6.400000000000000000e+01
