1.167799675107002258e+03 1.290000000000000000e+02
1.157299916028976440e+03 1.120000000000000000e+02
1.146799793124198914e+03 1.010000000000000000e+02
1.136299779295921326e+03 1.320000000000000000e+02
1.125799401760101318e+03 1.380000000000000000e+02
1.115298755049705505e+03 1.430000000000000000e+02
1.104798217177391052e+03 1.300000000000000000e+02
1.094297221064567566e+03 1.390000000000000000e+02
1.083796239495277405e+03 1.360000000000000000e+02
1.073294893980026245e+03 1.530000000000000000e+02
1.062793657302856445e+03 1.130000000000000000e+02
1.052291867852210999e+03 1.320000000000000000e+02
1.041790187358856201e+03 1.440000000000000000e+02
1.031288426518440247e+03 1.640000000000000000e+02
1.020786112904548645e+03 1.460000000000000000e+02
1.010284002661705017e+03 1.520000000000000000e+02
9.997814339399337769e+02 1.420000000000000000e+02
9.892788797616958618e+02 1.470000000000000000e+02
9.787759613990783691e+02 1.470000000000000000e+02
9.682731521129608154e+02 1.550000000000000000e+02
9.577699787616729736e+02 1.760000000000000000e+02
9.472665364742279053e+02 1.570000000000000000e+02
9.367632026672363281e+02 1.850000000000000000e+02
9.262593157291412354e+02 1.450000000000000000e+02
9.157556324005126953e+02 1.470000000000000000e+02
9.052514905929565430e+02 1.790000000000000000e+02
8.947473629713058472e+02 1.740000000000000000e+02
8.842428714036941528e+02 1.790000000000000000e+02
8.737384886741638184e+02 1.970000000000000000e+02
8.632337418794631958e+02 1.940000000000000000e+02
8.527287256717681885e+02 1.780000000000000000e+02
8.422238181829452515e+02 2.360000000000000000e+02
8.317184522151947021e+02 2.090000000000000000e+02
8.212131004333496094e+02 2.080000000000000000e+02
8.107073845863342285e+02 2.460000000000000000e+02
8.002017775774002075e+02 2.410000000000000000e+02
7.896958065032958984e+02 2.650000000000000000e+02
7.791896604299545288e+02 3.390000000000000000e+02
7.686834338903427124e+02 3.530000000000000000e+02
7.581767487525939941e+02 3.820000000000000000e+02
7.476702669858932495e+02 4.830000000000000000e+02
7.371633265018463135e+02 5.840000000000000000e+02
7.266564000844955444e+02 7.450000000000000000e+02
7.161491097211837769e+02 1.087000000000000000e+03
7.056419279575347900e+02 2.508000000000000000e+03
6.951343821287155151e+02 5.042000000000000000e+03
6.846265665292739868e+02 7.586000000000000000e+03
6.741188596487045288e+02 9.213000000000000000e+03
6.636105992794036865e+02 1.239100000000000000e+04
6.531025425195693970e+02 1.471200000000000000e+04
6.425940268039703369e+02 1.753500000000000000e+04
6.320855252742767334e+02 1.705000000000000000e+04
6.215768485069274902e+02 1.508600000000000000e+04
6.110679022073745728e+02 1.394100000000000000e+04
6.005587807893753052e+02 1.270900000000000000e+04
5.900493897199630737e+02 1.065700000000000000e+04
5.795401071310043335e+02 6.845000000000000000e+03
5.690303657054901123e+02 3.824000000000000000e+03
5.585206385850906372e+02 1.351000000000000000e+03
5.480105469226837158e+02 6.500000000000000000e+02
5.375005638599395752e+02 4.590000000000000000e+02
5.269902166128158569e+02 3.400000000000000000e+02
5.164796941280364990e+02 2.820000000000000000e+02
5.059689965248107910e+02 2.500000000000000000e+02
4.954580290317535400e+02 2.230000000000000000e+02
4.849471701383590698e+02 2.040000000000000000e+02
4.744358522891998291e+02 2.140000000000000000e+02
4.639245483875274658e+02 1.750000000000000000e+02
4.534131641387939453e+02 1.770000000000000000e+02
4.429013205766677856e+02 1.520000000000000000e+02
4.323893965482711792e+02 1.700000000000000000e+02
4.218772026300430298e+02 1.390000000000000000e+02
4.113651171922683716e+02 1.240000000000000000e+02
4.008524780273437500e+02 1.350000000000000000e+02
3.903400421142578125e+02 1.200000000000000000e+02
3.798271471261978149e+02 1.420000000000000000e+02
3.693142662048339844e+02 1.400000000000000000e+02
3.588012096881866455e+02 1.600000000000000000e+02
3.482878835201263428e+02 1.240000000000000000e+02
3.377743818759918213e+02 1.230000000000000000e+02
3.272606103420257568e+02 1.280000000000000000e+02
3.167469474077224731e+02 1.230000000000000000e+02
3.062328251600265503e+02 1.320000000000000000e+02
2.957187168598175049e+02 1.400000000000000000e+02
2.852045279741287231e+02 1.190000000000000000e+02
2.746898797750473022e+02 1.130000000000000000e+02
2.641751506328582764e+02 1.120000000000000000e+02
2.536602462530136108e+02 1.350000000000000000e+02
2.431451665163040161e+02 1.080000000000000000e+02
2.326298165321350098e+02 1.260000000000000000e+02
2.221145752668380737e+02 1.190000000000000000e+02
2.115988746881484985e+02 9.600000000000000000e+01
2.010831878185272217e+02 1.100000000000000000e+02
1.905674203634262085e+02 1.030000000000000000e+02
1.800511933565139771e+02 1.070000000000000000e+02
1.695348855257034302e+02 1.100000000000000000e+02
1.590183075666427612e+02 1.100000000000000000e+02
1.485018384456634521e+02 1.070000000000000000e+02
1.379848148822784424e+02 1.060000000000000000e+02
1.274679945707321167e+02 1.350000000000000000e+02
1.169509987831115723e+02 9.400000000000000000e+01
