1.184941313624382019e+03 1.900000000000000000e+02
1.174442117810249329e+03 2.020000000000000000e+02
1.163942747354507446e+03 2.140000000000000000e+02
1.153443107724189758e+03 1.980000000000000000e+02
1.142943293571472168e+03 2.230000000000000000e+02
1.132443210244178772e+03 2.220000000000000000e+02
1.121943046689033508e+03 2.000000000000000000e+02
1.111442708611488342e+03 1.970000000000000000e+02
1.100942384839057922e+03 1.830000000000000000e+02
1.090441697239875793e+03 2.030000000000000000e+02
1.079940834999084473e+03 2.060000000000000000e+02
1.069439987301826477e+03 2.180000000000000000e+02
1.058938492178916931e+03 1.850000000000000000e+02
1.048437105894088745e+03 1.970000000000000000e+02
1.037935733914375305e+03 2.200000000000000000e+02
1.027433998227119446e+03 2.280000000000000000e+02
1.016932087659835815e+03 2.420000000000000000e+02
1.006430096983909607e+03 2.500000000000000000e+02
9.959279316663742065e+02 2.270000000000000000e+02
9.854253076314926147e+02 2.400000000000000000e+02
9.749227927923202515e+02 2.500000000000000000e+02
9.644200085401535034e+02 2.560000000000000000e+02
9.539171440601348877e+02 2.400000000000000000e+02
9.434140101671218872e+02 2.720000000000000000e+02
9.329107013940811157e+02 2.940000000000000000e+02
9.224071234464645386e+02 2.630000000000000000e+02
9.119034651517868042e+02 2.950000000000000000e+02
9.013997266292572021e+02 3.030000000000000000e+02
8.908958131074905396e+02 3.230000000000000000e+02
8.803916302919387817e+02 3.080000000000000000e+02
8.698872725963592529e+02 3.360000000000000000e+02
8.593829292058944702e+02 3.760000000000000000e+02
8.488779379129409790e+02 3.660000000000000000e+02
8.383730556964874268e+02 3.940000000000000000e+02
8.278681875467300415e+02 4.510000000000000000e+02
8.173629554510116577e+02 4.930000000000000000e+02
8.068575484752655029e+02 5.100000000000000000e+02
7.963521555662155151e+02 5.910000000000000000e+02
7.858463987112045288e+02 6.240000000000000000e+02
7.753403723239898682e+02 6.950000000000000000e+02
7.648342655897140503e+02 9.320000000000000000e+02
7.543279838562011719e+02 1.115000000000000000e+03
7.438215271234512329e+02 1.499000000000000000e+03
7.333149901628494263e+02 2.284000000000000000e+03
7.228082779645919800e+02 4.911000000000000000e+03
7.123012964725494385e+02 9.021000000000000000e+03
7.017940453290939331e+02 1.523000000000000000e+04
6.912867136001586914e+02 1.964800000000000000e+04
6.807793016433715820e+02 2.472800000000000000e+04
6.702716197967529297e+02 2.994100000000000000e+04
6.597637631893157959e+02 3.397200000000000000e+04
6.492558259963989258e+02 3.381000000000000000e+04
6.387477138042449951e+02 3.191600000000000000e+04
6.282391426563262939e+02 2.836200000000000000e+04
6.177306803464889526e+02 2.556900000000000000e+04
6.072219483852386475e+02 2.042400000000000000e+04
5.967130413055419922e+02 1.362800000000000000e+04
5.862041482925415039e+02 7.442000000000000000e+03
5.756948910951614380e+02 2.802000000000000000e+03
5.651854585409164429e+02 1.330000000000000000e+03
5.546757565736770630e+02 8.780000000000000000e+02
5.441659739017486572e+02 6.600000000000000000e+02
5.336560161113739014e+02 5.330000000000000000e+02
5.231460722684860229e+02 4.120000000000000000e+02
5.126357642412185669e+02 4.150000000000000000e+02
5.021252809762954712e+02 3.610000000000000000e+02
4.916147172451019287e+02 3.310000000000000000e+02
4.811036943197250366e+02 3.150000000000000000e+02
4.705926854610443115e+02 2.740000000000000000e+02
4.600815961360931396e+02 2.800000000000000000e+02
4.495703315734863281e+02 2.180000000000000000e+02
4.390587970018386841e+02 2.440000000000000000e+02
4.285471820831298828e+02 2.310000000000000000e+02
4.180352971553802490e+02 2.450000000000000000e+02
4.075231423377990723e+02 2.120000000000000000e+02
3.970109070539474487e+02 2.050000000000000000e+02
3.864984964132308960e+02 1.800000000000000000e+02
3.759860051870346069e+02 1.900000000000000000e+02
3.654733386039733887e+02 1.810000000000000000e+02
3.549604020118713379e+02 1.790000000000000000e+02
3.444472901821136475e+02 1.710000000000000000e+02
3.339339084625244141e+02 1.810000000000000000e+02
3.234204461574554443e+02 1.900000000000000000e+02
3.129069976806640625e+02 1.860000000000000000e+02
3.023931845426559448e+02 1.740000000000000000e+02
2.918791961669921875e+02 1.730000000000000000e+02
2.813651270866394043e+02 1.760000000000000000e+02
2.708508827686309814e+02 1.720000000000000000e+02
2.603360842466354370e+02 1.410000000000000000e+02
2.498215836286544800e+02 1.570000000000000000e+02
2.393067184686660767e+02 1.440000000000000000e+02
2.287916778326034546e+02 1.460000000000000000e+02
2.182765563726425171e+02 1.470000000000000000e+02
2.077611650228500366e+02 1.540000000000000000e+02
1.972454087734222412e+02 1.540000000000000000e+02
1.867297611236572266e+02 1.360000000000000000e+02
1.762139381170272827e+02 1.620000000000000000e+02
1.656978451013565063e+02 1.640000000000000000e+02
1.551816710233688354e+02 1.470000000000000000e+02
1.446652269363403320e+02 1.690000000000000000e+02
1.341486073732376099e+02 1.670000000000000000e+02
