1.216091490983963013e+03 2.840000000000000000e+02
1.205589235424995422e+03 2.720000000000000000e+02
1.195087088942527771e+03 2.790000000000000000e+02
1.184584767699241638e+03 2.900000000000000000e+02
1.174082082748413086e+03 3.020000000000000000e+02
1.163579412102699280e+03 2.900000000000000000e+02
1.153076566576957703e+03 2.750000000000000000e+02
1.142573357343673706e+03 3.010000000000000000e+02
1.132070162415504456e+03 3.290000000000000000e+02
1.121566792845726013e+03 3.450000000000000000e+02
1.111062964797019958e+03 3.510000000000000000e+02
1.100559434533119202e+03 3.470000000000000000e+02
1.090055446147918701e+03 3.180000000000000000e+02
1.079551188349723816e+03 2.990000000000000000e+02
1.069046944737434387e+03 3.180000000000000000e+02
1.058542337298393250e+03 3.770000000000000000e+02
1.048037744045257568e+03 3.540000000000000000e+02
1.037532976031303406e+03 3.630000000000000000e+02
1.027027844071388245e+03 3.650000000000000000e+02
1.016522726416587830e+03 3.890000000000000000e+02
1.006017433762550354e+03 3.620000000000000000e+02
9.955116826295852661e+02 4.130000000000000000e+02
9.850062295198440552e+02 3.660000000000000000e+02
9.745003176927566528e+02 3.870000000000000000e+02
9.639941365718841553e+02 4.090000000000000000e+02
9.534879696369171143e+02 4.420000000000000000e+02
9.429817222356796265e+02 4.540000000000000000e+02
9.324749218225479126e+02 4.720000000000000000e+02
9.219682301282882690e+02 4.930000000000000000e+02
9.114613635540008545e+02 5.010000000000000000e+02
9.009541329145431519e+02 4.880000000000000000e+02
8.904469162225723267e+02 5.320000000000000000e+02
8.799395248889923096e+02 5.700000000000000000e+02
8.694318637847900391e+02 6.090000000000000000e+02
8.589240276813507080e+02 6.390000000000000000e+02
8.484161113500595093e+02 6.830000000000000000e+02
8.379078308343887329e+02 8.130000000000000000e+02
8.273996589183807373e+02 8.660000000000000000e+02
8.168912175893783569e+02 1.032000000000000000e+03
8.063823174238204956e+02 1.129000000000000000e+03
7.958735258579254150e+02 1.402000000000000000e+03
7.853646540641784668e+02 1.799000000000000000e+03
7.748552286624908447e+02 2.638000000000000000e+03
7.643459120988845825e+02 4.042000000000000000e+03
7.538364205360412598e+02 8.838000000000000000e+03
7.433265645503997803e+02 1.406800000000000000e+04
7.328167226314544678e+02 2.151400000000000000e+04
7.223067058324813843e+02 2.542000000000000000e+04
7.117964191436767578e+02 3.171500000000000000e+04
7.012860521078109741e+02 3.866900000000000000e+04
6.907754151821136475e+02 4.118600000000000000e+04
6.802645087242126465e+02 3.828200000000000000e+04
6.697536162137985229e+02 3.702800000000000000e+04
6.592426432371139526e+02 3.229600000000000000e+04
6.487311166524887085e+02 2.883100000000000000e+04
6.382196986675262451e+02 1.998100000000000000e+04
6.277081055641174316e+02 1.324200000000000000e+04
6.171961481571197510e+02 7.012000000000000000e+03
6.066842046976089478e+02 2.469000000000000000e+03
5.961720860004425049e+02 1.385000000000000000e+03
5.856596975326538086e+02 1.102000000000000000e+03
5.751471337080001831e+02 9.090000000000000000e+02
5.646344894170761108e+02 7.300000000000000000e+02
5.541214808225631714e+02 6.100000000000000000e+02
5.436085805892944336e+02 5.770000000000000000e+02
5.330954105854034424e+02 5.010000000000000000e+02
5.225817813873291016e+02 4.740000000000000000e+02
5.120682610273361206e+02 4.210000000000000000e+02
5.015546597242355347e+02 4.200000000000000000e+02
4.910405048131942749e+02 3.950000000000000000e+02
4.805264583826065063e+02 3.480000000000000000e+02
4.700122367143630981e+02 3.840000000000000000e+02
4.594976505041122437e+02 3.240000000000000000e+02
4.489830782413482666e+02 3.360000000000000000e+02
4.384683305025100708e+02 3.190000000000000000e+02
4.279533129930496216e+02 3.240000000000000000e+02
4.174382147789001465e+02 3.350000000000000000e+02
4.069228463172912598e+02 2.860000000000000000e+02
3.964072080850601196e+02 2.840000000000000000e+02
3.858916783332824707e+02 2.890000000000000000e+02
3.753758785724639893e+02 3.060000000000000000e+02
3.648596194982528687e+02 2.460000000000000000e+02
3.543434689044952393e+02 2.920000000000000000e+02
3.438269536495208740e+02 2.950000000000000000e+02
3.333104522228240967e+02 2.790000000000000000e+02
3.227937754392623901e+02 3.060000000000000000e+02
3.122768286466598511e+02 2.830000000000000000e+02
3.017598009109497070e+02 2.650000000000000000e+02
2.912425030469894409e+02 2.560000000000000000e+02
2.807249352931976318e+02 2.760000000000000000e+02
2.702074759006500244e+02 2.490000000000000000e+02
2.596897462606430054e+02 2.760000000000000000e+02
2.491715573072433472e+02 2.590000000000000000e+02
2.386534768342971802e+02 2.560000000000000000e+02
2.281353156566619873e+02 2.440000000000000000e+02
2.176165999174118042e+02 2.500000000000000000e+02
2.070979930162429810e+02 2.740000000000000000e+02
1.965792104005813599e+02 2.680000000000000000e+02
1.860601577758789062e+02 2.470000000000000000e+02
1.755409294366836548e+02 2.380000000000000000e+02
1.650216201543807983e+02 2.580000000000000000e+02
