8.396601254940032959e+02 1.470000000000000000e+02
8.291705261468887329e+02 1.620000000000000000e+02
8.186808470487594604e+02 1.600000000000000000e+02
8.081908043622970581e+02 1.780000000000000000e+02
7.977007764577865601e+02 1.990000000000000000e+02
7.872104794979095459e+02 1.990000000000000000e+02
7.767198190689086914e+02 1.920000000000000000e+02
7.662292679548263550e+02 2.150000000000000000e+02
7.557384476661682129e+02 3.260000000000000000e+02
7.452472640275955200e+02 3.310000000000000000e+02
7.347561893463134766e+02 4.380000000000000000e+02
7.242649405002593994e+02 5.250000000000000000e+02
7.137734223604202271e+02 7.900000000000000000e+02
7.032815406322479248e+02 1.062000000000000000e+03
6.927897682189941406e+02 2.467000000000000000e+03
6.822977267503738403e+02 4.537000000000000000e+03
6.718055106401443481e+02 7.968000000000000000e+03
6.613131201267242432e+02 9.762000000000000000e+03
6.508206496238708496e+02 9.231000000000000000e+03
6.403277208805084229e+02 7.014000000000000000e+03
6.298348067998886108e+02 7.264000000000000000e+03
6.193418126106262207e+02 7.902000000000000000e+03
6.088483601808547974e+02 7.885000000000000000e+03
5.983549222946166992e+02 5.689000000000000000e+03
5.878614045381546021e+02 2.782000000000000000e+03
5.773674281835556030e+02 9.170000000000000000e+02
5.668734666109085083e+02 4.550000000000000000e+02
5.563794250488281250e+02 3.440000000000000000e+02
5.458850196599960327e+02 2.750000000000000000e+02
5.353906288146972656e+02 2.190000000000000000e+02
5.248959686756134033e+02 1.860000000000000000e+02
5.144009447097778320e+02 1.550000000000000000e+02
5.039060299396514893e+02 1.720000000000000000e+02
4.934108458757400513e+02 1.350000000000000000e+02
4.829155818223953247e+02 1.170000000000000000e+02
4.724198592901229858e+02 1.520000000000000000e+02
4.619242458343505859e+02 1.310000000000000000e+02
4.514283630847930908e+02 1.640000000000000000e+02
4.409321165084838867e+02 1.120000000000000000e+02
4.304359787702560425e+02 1.270000000000000000e+02
4.199395719766616821e+02 1.150000000000000000e+02
