1.166456565618515015e+03 4.180000000000000000e+02
1.155957828998565674e+03 4.690000000000000000e+02
1.145459012150764465e+03 3.960000000000000000e+02
1.134959926366806030e+03 4.250000000000000000e+02
1.124460854887962341e+03 4.060000000000000000e+02
1.113961419701576233e+03 4.360000000000000000e+02
1.103461904406547546e+03 4.780000000000000000e+02
1.092962120056152344e+03 4.360000000000000000e+02
1.082462444663047791e+03 4.810000000000000000e+02
1.071962499976158142e+03 4.940000000000000000e+02
1.061462191700935364e+03 4.650000000000000000e+02
1.050961708426475525e+03 4.940000000000000000e+02
1.040461239814758301e+03 4.880000000000000000e+02
1.029960407376289368e+03 4.410000000000000000e+02
1.019459494829177856e+03 4.840000000000000000e+02
1.008958312869071960e+03 5.110000000000000000e+02
9.984572398662567139e+02 5.290000000000000000e+02
9.879558976888656616e+02 4.890000000000000000e+02
9.774541918039321899e+02 5.150000000000000000e+02
9.669524054527282715e+02 4.850000000000000000e+02
9.564504443407058716e+02 5.570000000000000000e+02
9.459483087062835693e+02 5.340000000000000000e+02
9.354459035396575928e+02 6.230000000000000000e+02
9.249433236122131348e+02 5.310000000000000000e+02
9.144408527612686157e+02 6.110000000000000000e+02
9.039381123781204224e+02 6.030000000000000000e+02
8.934350080490112305e+02 6.420000000000000000e+02
8.829318236112594604e+02 6.270000000000000000e+02
8.724283696413040161e+02 6.400000000000000000e+02
8.619249298572540283e+02 6.330000000000000000e+02
8.514211263656616211e+02 6.790000000000000000e+02
8.409172424077987671e+02 7.020000000000000000e+02
8.304133728742599487e+02 7.560000000000000000e+02
8.199091392755508423e+02 8.780000000000000000e+02
8.094047307968139648e+02 8.870000000000000000e+02
7.989000527858734131e+02 9.500000000000000000e+02
7.883951998949050903e+02 9.670000000000000000e+02
7.778903611898422241e+02 1.088000000000000000e+03
7.673851586580276489e+02 1.136000000000000000e+03
7.568798756599426270e+02 1.313000000000000000e+03
7.463746067285537720e+02 1.584000000000000000e+03
7.358690685033798218e+02 2.009000000000000000e+03
7.253631662130355835e+02 2.481000000000000000e+03
7.148570888042449951e+02 3.708000000000000000e+03
7.043509309291839600e+02 7.638000000000000000e+03
6.938445982933044434e+02 1.276500000000000000e+04
6.833380906581878662e+02 1.883300000000000000e+04
6.728313132524490356e+02 2.444200000000000000e+04
6.623246448040008545e+02 3.059700000000000000e+04
6.518175175189971924e+02 3.595400000000000000e+04
6.413104043006896973e+02 4.149000000000000000e+04
6.308029271364212036e+02 4.182600000000000000e+04
6.202953692674636841e+02 3.642200000000000000e+04
6.097877310514450073e+02 3.369800000000000000e+04
5.992797284126281738e+02 3.022100000000000000e+04
5.887715508937835693e+02 2.440100000000000000e+04
5.782634822130203247e+02 1.591900000000000000e+04
5.677550491094589233e+02 9.340000000000000000e+03
5.572464408874511719e+02 3.397000000000000000e+03
5.467376576662063599e+02 2.134000000000000000e+03
5.362286046743392944e+02 1.405000000000000000e+03
5.257195657491683960e+02 1.112000000000000000e+03
5.152101626396179199e+02 8.730000000000000000e+02
5.047005842924118042e+02 8.160000000000000000e+02
4.941911145448684692e+02 7.130000000000000000e+02
4.836812804937362671e+02 7.300000000000000000e+02
4.731712714433670044e+02 6.180000000000000000e+02
4.626610870361328125e+02 6.290000000000000000e+02
4.521506328582763672e+02 5.450000000000000000e+02
4.416400982141494751e+02 5.380000000000000000e+02
4.311293880939483643e+02 5.050000000000000000e+02
4.206185032129287720e+02 5.050000000000000000e+02
4.101076320409774780e+02 5.040000000000000000e+02
3.995963019132614136e+02 4.940000000000000000e+02
3.890849857330322266e+02 5.220000000000000000e+02
3.785733051300048828e+02 4.390000000000000000e+02
3.680614492893218994e+02 4.360000000000000000e+02
3.575495127439498901e+02 4.440000000000000000e+02
3.470374010801315308e+02 4.480000000000000000e+02
3.365251140594482422e+02 3.970000000000000000e+02
3.260128409862518311e+02 4.290000000000000000e+02
3.155001087188720703e+02 4.320000000000000000e+02
3.049873905181884766e+02 4.010000000000000000e+02
2.944743075370788574e+02 3.940000000000000000e+02
2.839611440896987915e+02 3.860000000000000000e+02
2.734477106332778931e+02 4.060000000000000000e+02
2.629342912435531616e+02 3.810000000000000000e+02
2.524205068349838257e+02 3.680000000000000000e+02
2.419068313837051392e+02 4.520000000000000000e+02
2.313926964998245239e+02 4.330000000000000000e+02
2.208785755634307861e+02 3.960000000000000000e+02
2.103640898466110229e+02 3.830000000000000000e+02
1.998495235443115234e+02 3.770000000000000000e+02
1.893346871137619019e+02 3.550000000000000000e+02
1.788198647499084473e+02 4.040000000000000000e+02
1.683046773672103882e+02 4.010000000000000000e+02
1.577895987033843994e+02 3.860000000000000000e+02
1.472741552591323853e+02 3.770000000000000000e+02
1.367584418058395386e+02 3.880000000000000000e+02
1.262427421808242798e+02 3.840000000000000000e+02
1.157266777753829956e+02 4.110000000000000000e+02
