1.168105357408523560e+03 5.140000000000000000e+02
1.157610218763351440e+03 5.230000000000000000e+02
1.147115000128746033e+03 5.190000000000000000e+02
1.136619512677192688e+03 5.460000000000000000e+02
1.126124039649963379e+03 5.490000000000000000e+02
1.115628392219543457e+03 5.400000000000000000e+02
1.105132570147514343e+03 5.250000000000000000e+02
1.094636573553085327e+03 5.710000000000000000e+02
1.084140402555465698e+03 5.440000000000000000e+02
1.073643773198127747e+03 5.520000000000000000e+02
1.063147253274917603e+03 5.700000000000000000e+02
1.052650558352470398e+03 5.440000000000000000e+02
1.042153689265251160e+03 5.540000000000000000e+02
1.031656645417213440e+03 5.820000000000000000e+02
1.021159427046775818e+03 5.910000000000000000e+02
1.010661844968795776e+03 6.060000000000000000e+02
1.000164277195930481e+03 5.810000000000000000e+02
9.896662513017654419e+02 6.600000000000000000e+02
9.791683346033096313e+02 5.920000000000000000e+02
9.686702430248260498e+02 6.240000000000000000e+02
9.581719769239425659e+02 6.360000000000000000e+02
9.476735363006591797e+02 6.870000000000000000e+02
9.371749209165573120e+02 6.180000000000000000e+02
9.266761308908462524e+02 6.050000000000000000e+02
9.161768825054168701e+02 6.960000000000000000e+02
9.056777431964874268e+02 6.910000000000000000e+02
8.951784290075302124e+02 7.060000000000000000e+02
8.846789402961730957e+02 7.300000000000000000e+02
8.741790877580642700e+02 7.750000000000000000e+02
8.636792495250701904e+02 7.940000000000000000e+02
8.531792366504669189e+02 8.650000000000000000e+02
8.426790491342544556e+02 8.180000000000000000e+02
8.321784029006958008e+02 9.250000000000000000e+02
8.216778658628463745e+02 9.550000000000000000e+02
8.111771539449691772e+02 1.002000000000000000e+03
8.006762673854827881e+02 1.056000000000000000e+03
7.901752059459686279e+02 1.109000000000000000e+03
7.796739698648452759e+02 1.245000000000000000e+03
7.691725589036941528e+02 1.402000000000000000e+03
7.586706892251968384e+02 1.519000000000000000e+03
7.481689286231994629e+02 1.942000000000000000e+03
7.376669933795928955e+02 2.397000000000000000e+03
7.271647884845733643e+02 3.030000000000000000e+03
7.166624088287353516e+02 4.550000000000000000e+03
7.061599490642547607e+02 8.289000000000000000e+03
6.956573141813278198e+02 1.337000000000000000e+04
6.851545047760009766e+02 1.874800000000000000e+04
6.746512364149093628e+02 2.389800000000000000e+04
6.641480770111083984e+02 3.270500000000000000e+04
6.536447427272796631e+02 4.018300000000000000e+04
6.431412336826324463e+02 4.257500000000000000e+04
6.326375496387481689e+02 4.412400000000000000e+04
6.221336907148361206e+02 4.111700000000000000e+04
6.116296567916870117e+02 3.657500000000000000e+04
6.011251641511917114e+02 3.293500000000000000e+04
5.906207805871963501e+02 2.571400000000000000e+04
5.801161272525787354e+02 2.014800000000000000e+04
5.696113935708999634e+02 1.224400000000000000e+04
5.591064850091934204e+02 4.910000000000000000e+03
5.486013069152832031e+02 2.801000000000000000e+03
5.380960481166839600e+02 1.739000000000000000e+03
5.275906146764755249e+02 1.495000000000000000e+03
5.170848168134689331e+02 1.210000000000000000e+03
5.065789386034011841e+02 1.040000000000000000e+03
4.960729801654815674e+02 9.310000000000000000e+02
4.855668466091156006e+02 8.920000000000000000e+02
4.750605378150939941e+02 7.860000000000000000e+02
4.645540542602539062e+02 7.580000000000000000e+02
4.540473008155822754e+02 6.850000000000000000e+02
4.435402777194976807e+02 6.750000000000000000e+02
4.330331742763519287e+02 5.990000000000000000e+02
4.225259903669357300e+02 6.230000000000000000e+02
4.120186313390731812e+02 5.920000000000000000e+02
4.015110971927642822e+02 5.660000000000000000e+02
3.910032933950424194e+02 5.880000000000000000e+02
3.804954090118408203e+02 5.320000000000000000e+02
3.699871603250503540e+02 4.910000000000000000e+02
3.594789257049560547e+02 5.180000000000000000e+02
3.489704213142395020e+02 5.400000000000000000e+02
3.384618364572525024e+02 4.870000000000000000e+02
3.279530764818191528e+02 5.080000000000000000e+02
3.174441412687301636e+02 4.970000000000000000e+02
3.069349360466003418e+02 5.340000000000000000e+02
2.964256504774093628e+02 5.090000000000000000e+02
2.859159058332443237e+02 4.950000000000000000e+02
2.754062699079513550e+02 4.650000000000000000e+02
2.648964587450027466e+02 4.760000000000000000e+02
2.543864723443984985e+02 5.120000000000000000e+02
2.438763108253479004e+02 5.280000000000000000e+02
2.333658791780471802e+02 4.550000000000000000e+02
2.228553671836853027e+02 4.750000000000000000e+02
2.123444904088973999e+02 4.780000000000000000e+02
2.018336279392242432e+02 4.490000000000000000e+02
1.913224952220916748e+02 4.760000000000000000e+02
1.808112820386886597e+02 4.870000000000000000e+02
1.702998936176300049e+02 4.700000000000000000e+02
1.597882351875305176e+02 4.390000000000000000e+02
1.492764961719512939e+02 4.480000000000000000e+02
1.387645817995071411e+02 4.650000000000000000e+02
1.282522079944610596e+02 4.660000000000000000e+02
1.177399430274963379e+02 4.510000000000000000e+02
