8.336921883821487427e+02 2.930000000000000000e+02
8.232168475389480591e+02 2.700000000000000000e+02
8.127413330078125000e+02 3.110000000000000000e+02
8.022656444311141968e+02 3.330000000000000000e+02
7.917897819280624390e+02 3.260000000000000000e+02
7.813140293359756470e+02 3.470000000000000000e+02
7.708377243280410767e+02 3.940000000000000000e+02
7.603613400459289551e+02 4.780000000000000000e+02
7.498847818374633789e+02 5.170000000000000000e+02
7.394083331823348999e+02 5.830000000000000000e+02
7.289314270019531250e+02 7.380000000000000000e+02
7.184543467760086060e+02 9.670000000000000000e+02
7.079770925045013428e+02 1.430000000000000000e+03
6.974997588396072388e+02 2.060000000000000000e+03
6.870223459005355835e+02 3.851000000000000000e+03
6.765445694923400879e+02 7.458000000000000000e+03
6.660667138099670410e+02 1.121100000000000000e+04
6.555885893106460571e+02 1.499300000000000000e+04
6.451102908849716187e+02 1.348800000000000000e+04
6.346319130659103394e+02 1.142300000000000000e+04
6.241533610820770264e+02 1.098800000000000000e+04
6.136745404005050659e+02 1.216800000000000000e+04
6.031955456733703613e+02 1.223900000000000000e+04
5.927166607379913330e+02 8.382000000000000000e+03
5.822373178005218506e+02 4.532000000000000000e+03
5.717578008174896240e+02 1.678000000000000000e+03
5.612781095504760742e+02 9.470000000000000000e+02
5.507982442378997803e+02 6.640000000000000000e+02
5.403184885978698730e+02 4.600000000000000000e+02
5.298382750749588013e+02 3.870000000000000000e+02
5.193578872680664062e+02 3.690000000000000000e+02
5.088773252964019775e+02 3.310000000000000000e+02
4.983967785835266113e+02 2.930000000000000000e+02
4.879158682823181152e+02 2.570000000000000000e+02
4.774347836971282959e+02 2.610000000000000000e+02
4.669535250663757324e+02 2.400000000000000000e+02
4.564721868038177490e+02 2.560000000000000000e+02
4.459907690286636353e+02 2.170000000000000000e+02
4.355089876651763916e+02 2.100000000000000000e+02
4.250271267890930176e+02 2.080000000000000000e+02
4.145449969768524170e+02 2.120000000000000000e+02
