8.348388319015502930e+02 5.150000000000000000e+02
8.243596200942993164e+02 4.810000000000000000e+02
8.138800449371337891e+02 4.970000000000000000e+02
8.034003905057907104e+02 5.630000000000000000e+02
7.929206564426422119e+02 6.040000000000000000e+02
7.824405591487884521e+02 6.170000000000000000e+02
7.719603824615478516e+02 6.660000000000000000e+02
7.614801260232925415e+02 7.430000000000000000e+02
7.509995064735412598e+02 9.190000000000000000e+02
7.405188075304031372e+02 1.016000000000000000e+03
7.300380288362503052e+02 1.241000000000000000e+03
7.195568869113922119e+02 1.602000000000000000e+03
7.090756654739379883e+02 2.096000000000000000e+03
6.985943644046783447e+02 2.990000000000000000e+03
6.881127001047134399e+02 6.014000000000000000e+03
6.776310508251190186e+02 9.329000000000000000e+03
6.671491328477859497e+02 1.569900000000000000e+04
6.566669459342956543e+02 1.899800000000000000e+04
6.461847740411758423e+02 1.756600000000000000e+04
6.357023335695266724e+02 1.531800000000000000e+04
6.252196241617202759e+02 1.518200000000000000e+04
6.147369296550750732e+02 1.544900000000000000e+04
6.042539664506912231e+02 1.581100000000000000e+04
5.937709236145019531e+02 1.207600000000000000e+04
5.832875173091888428e+02 7.654000000000000000e+03
5.728040312528610229e+02 2.722000000000000000e+03
5.623204655647277832e+02 1.602000000000000000e+03
5.518365364074707031e+02 1.076000000000000000e+03
5.413526223897933960e+02 8.520000000000000000e+02
5.308684393167495728e+02 7.020000000000000000e+02
5.203839871883392334e+02 6.510000000000000000e+02
5.098995501995086670e+02 5.560000000000000000e+02
4.994148442745208740e+02 5.690000000000000000e+02
4.889298694133758545e+02 4.760000000000000000e+02
4.784449093341827393e+02 5.140000000000000000e+02
4.679596804380416870e+02 4.270000000000000000e+02
4.574741826057434082e+02 4.240000000000000000e+02
4.469886995553970337e+02 4.530000000000000000e+02
4.365029475688934326e+02 4.260000000000000000e+02
4.260168319940567017e+02 3.890000000000000000e+02
4.155309205055236816e+02 4.140000000000000000e+02
