8.340043419599533081e+02 2.249000000000000000e+03
8.235043365955352783e+02 9.460000000000000000e+02
8.130040619373321533e+02 1.021000000000000000e+03
8.025036126375198364e+02 9.790000000000000000e+02
7.920030829906463623e+02 1.064000000000000000e+03
7.815022841691970825e+02 1.160000000000000000e+03
7.710014050006866455e+02 1.268000000000000000e+03
7.605002565383911133e+02 1.463000000000000000e+03
7.499989333152770996e+02 1.649000000000000000e+03
7.394975296258926392e+02 1.797000000000000000e+03
7.289958570003509521e+02 2.376000000000000000e+03
7.184940091371536255e+02 2.973000000000000000e+03
7.079920814037322998e+02 3.739000000000000000e+03
6.974898840188980103e+02 5.260000000000000000e+03
6.869876062870025635e+02 9.382000000000000000e+03
6.764850593805313110e+02 1.359600000000000000e+04
6.659823374748229980e+02 2.069600000000000000e+04
6.554795352220535278e+02 2.664700000000000000e+04
6.449764636754989624e+02 2.356300000000000000e+04
6.344732170104980469e+02 2.181200000000000000e+04
6.239698902368545532e+02 2.114300000000000000e+04
6.134662939310073853e+02 2.078500000000000000e+04
6.029626173973083496e+02 2.045800000000000000e+04
5.924586712121963501e+02 1.594700000000000000e+04
5.819545501470565796e+02 1.028000000000000000e+04
5.714503486156463623e+02 4.845000000000000000e+03
5.609458776712417603e+02 2.999000000000000000e+03
5.504412317276000977e+02 2.085000000000000000e+03
5.399365055561065674e+02 1.648000000000000000e+03
5.294315096139907837e+02 1.320000000000000000e+03
5.189264333248138428e+02 1.236000000000000000e+03
5.084210875034332275e+02 1.016000000000000000e+03
4.979155665636062622e+02 9.430000000000000000e+02
4.874099655151367188e+02 9.090000000000000000e+02
4.769042837619781494e+02 8.930000000000000000e+02
4.663982379436492920e+02 8.380000000000000000e+02
4.558921115398406982e+02 8.180000000000000000e+02
4.453857157230377197e+02 7.830000000000000000e+02
4.348791446685791016e+02 8.090000000000000000e+02
4.243724931478500366e+02 7.010000000000000000e+02
4.138655719757080078e+02 7.420000000000000000e+02
