6.665537538766860962e+03 3.400000000000000000e+01
6.655070394515991211e+03 1.700000000000000000e+01
6.644602797150611877e+03 9.000000000000000000e+00
6.634135215163230896e+03 1.100000000000000000e+01
6.623667554736137390e+03 9.000000000000000000e+00
6.613199722290039062e+03 1.500000000000000000e+01
6.602731530308723450e+03 2.200000000000000000e+01
6.592263260006904602e+03 7.000000000000000000e+00
6.581794911265373230e+03 1.800000000000000000e+01
6.571326109170913696e+03 1.300000000000000000e+01
6.560857416152954102e+03 1.200000000000000000e+01
6.550388457298278809e+03 9.000000000000000000e+00
6.539919420003890991e+03 1.800000000000000000e+01
6.529449929356575012e+03 6.000000000000000000e+00
6.518980641722679138e+03 1.100000000000000000e+01
6.508510900378227234e+03 1.400000000000000000e+01
6.498040987133979797e+03 1.300000000000000000e+01
6.487571088910102844e+03 1.200000000000000000e+01
6.477101018786430359e+03 6.000000000000000000e+00
6.466630682587623596e+03 8.000000000000000000e+00
6.456159986615180969e+03 1.400000000000000000e+01
6.445689399838447571e+03 1.100000000000000000e+01
6.435218640804290771e+03 1.400000000000000000e+01
6.424747521996498108e+03 1.300000000000000000e+01
6.414276324629783630e+03 1.700000000000000000e+01
6.403805048823356628e+03 1.400000000000000000e+01
6.393333600759506226e+03 1.100000000000000000e+01
6.382861699104309082e+03 9.000000000000000000e+00
6.372389812827110291e+03 1.800000000000000000e+01
6.361917847871780396e+03 1.800000000000000000e+01
6.351445523142814636e+03 1.400000000000000000e+01
6.340973213672637939e+03 1.200000000000000000e+01
6.330500544428825378e+03 1.700000000000000000e+01
6.320027984142303467e+03 1.700000000000000000e+01
6.309554876327514648e+03 1.400000000000000000e+01
6.299081877589225769e+03 1.400000000000000000e+01
6.288608612775802612e+03 2.000000000000000000e+01
6.278134987950325012e+03 1.400000000000000000e+01
6.267661472201347351e+03 2.100000000000000000e+01
6.257187690258026123e+03 1.300000000000000000e+01
6.246713829755783081e+03 1.600000000000000000e+01
6.236239609122276306e+03 1.800000000000000000e+01
6.225765403866767883e+03 1.100000000000000000e+01
6.215290932536125183e+03 1.100000000000000000e+01
6.204816100716590881e+03 1.100000000000000000e+01
6.194341378331184387e+03 1.100000000000000000e+01
6.183866483211517334e+03 1.200000000000000000e+01
6.173391322016716003e+03 1.300000000000000000e+01
6.162915800929069519e+03 1.400000000000000000e+01
6.152440482378005981e+03 1.100000000000000000e+01
6.141964897513389587e+03 1.300000000000000000e+01
6.131488858938217163e+03 1.300000000000000000e+01
6.121012835502624512e+03 1.200000000000000000e+01
6.110536733269691467e+03 1.300000000000000000e+01
6.100060458540916443e+03 1.600000000000000000e+01
6.089583823800086975e+03 1.600000000000000000e+01
6.079107016444206238e+03 1.300000000000000000e+01
6.068630224227905273e+03 1.200000000000000000e+01
6.058153071880340576e+03 9.000000000000000000e+00
6.047675934433937073e+03 1.400000000000000000e+01
6.037198530912399292e+03 1.100000000000000000e+01
6.026721048474311829e+03 9.000000000000000000e+00
6.016243111968040466e+03 1.500000000000000000e+01
6.005765284657478333e+03 2.300000000000000000e+01
5.995287190675735474e+03 1.000000000000000000e+01
5.984808830261230469e+03 1.000000000000000000e+01
5.974330484986305237e+03 1.700000000000000000e+01
5.963851967096328735e+03 1.500000000000000000e+01
5.953373182773590088e+03 1.600000000000000000e+01
5.942894038081169128e+03 2.300000000000000000e+01
5.932415002465248108e+03 1.700000000000000000e+01
5.921935793876647949e+03 1.300000000000000000e+01
5.911456225275993347e+03 1.300000000000000000e+01
5.900976483821868896e+03 1.200000000000000000e+01
5.890496757507324219e+03 1.700000000000000000e+01
5.880016952276229858e+03 1.600000000000000000e+01
5.869536598920822144e+03 1.200000000000000000e+01
5.859056260824203491e+03 9.000000000000000000e+00
5.848575843572616577e+03 1.600000000000000000e+01
5.838094972252845764e+03 9.000000000000000000e+00
5.827614209771156311e+03 1.000000000000000000e+01
5.817133180499076843e+03 1.600000000000000000e+01
5.806652072548866272e+03 2.400000000000000000e+01
5.796170604228973389e+03 1.200000000000000000e+01
5.785689150571823120e+03 9.000000000000000000e+00
5.775207430481910706e+03 1.800000000000000000e+01
5.764725349903106689e+03 8.000000000000000000e+00
5.754243378043174744e+03 1.700000000000000000e+01
5.743761233568191528e+03 1.000000000000000000e+01
5.733278822183609009e+03 2.000000000000000000e+01
5.722796050548553467e+03 1.900000000000000000e+01
5.712313481330871582e+03 1.100000000000000000e+01
5.701830457687377930e+03 1.000000000000000000e+01
5.691347261428833008e+03 1.000000000000000000e+01
5.680864079833030701e+03 1.300000000000000000e+01
5.670380725622177124e+03 1.500000000000000000e+01
5.659897104501724243e+03 1.600000000000000000e+01
5.649413122892379761e+03 1.000000000000000000e+01
5.638929250001907349e+03 9.000000000000000000e+00
5.628445204138755798e+03 1.200000000000000000e+01
5.617960797667503357e+03 1.200000000000000000e+01
5.607476312279701233e+03 1.200000000000000000e+01
5.596991747856140137e+03 8.000000000000000000e+00
5.586507010459899902e+03 1.200000000000000000e+01
5.576021818518638611e+03 1.400000000000000000e+01
5.565536641240119934e+03 1.600000000000000000e+01
5.555051385045051575e+03 1.500000000000000000e+01
5.544565768241882324e+03 1.300000000000000000e+01
5.534080166101455688e+03 1.700000000000000000e+01
5.523594203233718872e+03 1.200000000000000000e+01
5.513108349084854126e+03 7.000000000000000000e+00
5.502621946454048157e+03 1.500000000000000000e+01
5.492135652422904968e+03 1.000000000000000000e+01
5.481649091601371765e+03 2.100000000000000000e+01
5.471162169814109802e+03 1.000000000000000000e+01
5.460675356864929199e+03 1.400000000000000000e+01
5.450188464641571045e+03 8.000000000000000000e+00
5.439701117753982544e+03 1.600000000000000000e+01
5.429213597774505615e+03 1.000000000000000000e+01
5.418726092576980591e+03 1.600000000000000000e+01
5.408238414406776428e+03 1.800000000000000000e+01
5.397750281453132629e+03 2.200000000000000000e+01
5.387262163162231445e+03 1.500000000000000000e+01
5.376773965477943420e+03 1.800000000000000000e+01
5.366285595178604126e+03 1.400000000000000000e+01
5.355796863436698914e+03 1.200000000000000000e+01
5.345308052897453308e+03 1.700000000000000000e+01
5.334819163084030151e+03 1.700000000000000000e+01
5.324329818248748779e+03 7.000000000000000000e+00
5.313840582013130188e+03 1.400000000000000000e+01
5.303351078748703003e+03 1.400000000000000000e+01
5.292861496448516846e+03 2.300000000000000000e+01
5.282371459007263184e+03 2.600000000000000000e+01
5.271881624102592468e+03 3.100000000000000000e+01
5.261391334414482117e+03 7.100000000000000000e+01
5.250900871396064758e+03 5.400000000000000000e+01
5.240410423040390015e+03 8.500000000000000000e+01
5.229919801473617554e+03 9.800000000000000000e+01
5.219428912758827209e+03 1.080000000000000000e+02
5.208937662839889526e+03 9.300000000000000000e+01
5.198446521639823914e+03 8.300000000000000000e+01
5.187955113291740417e+03 1.130000000000000000e+02
5.177463437795639038e+03 6.900000000000000000e+01
5.166971776723861694e+03 7.900000000000000000e+01
5.156479942440986633e+03 7.800000000000000000e+01
5.145987841129302979e+03 4.700000000000000000e+01
5.135495378375053406e+03 1.400000000000000000e+01
5.125003024458885193e+03 1.300000000000000000e+01
5.114510496973991394e+03 1.900000000000000000e+01
5.104017608523368835e+03 1.600000000000000000e+01
5.093524546504020691e+03 1.700000000000000000e+01
5.083031499266624451e+03 1.100000000000000000e+01
5.072538372397422791e+03 1.700000000000000000e+01
5.062044696688652039e+03 1.000000000000000000e+01
5.051551035284996033e+03 2.100000000000000000e+01
5.041057294607162476e+03 1.300000000000000000e+01
5.030563098669052124e+03 8.000000000000000000e+00
5.020069011211395264e+03 1.300000000000000000e+01
5.009574656367301941e+03 1.300000000000000000e+01
4.999080222129821777e+03 1.600000000000000000e+01
4.988585426568984985e+03 1.600000000000000000e+01
4.978090645551681519e+03 7.000000000000000000e+00
4.967595597028732300e+03 1.800000000000000000e+01
4.957100187301635742e+03 1.400000000000000000e+01
4.946604885935783386e+03 1.100000000000000000e+01
4.936109411120414734e+03 1.500000000000000000e+01
4.925613668918609619e+03 1.700000000000000000e+01
4.915117565274238586e+03 1.000000000000000000e+01
4.904621664047241211e+03 9.000000000000000000e+00
4.894125495433807373e+03 1.000000000000000000e+01
4.883628871321678162e+03 1.300000000000000000e+01
4.873132261872291565e+03 1.300000000000000000e+01
4.862635572671890259e+03 1.100000000000000000e+01
4.852138709902763367e+03 1.000000000000000000e+01
4.841641485810279846e+03 8.000000000000000000e+00
4.831144088149070740e+03 1.200000000000000000e+01
4.820646704792976379e+03 2.000000000000000000e+01
4.810148960113525391e+03 7.000000000000000000e+00
4.799651229739189148e+03 6.000000000000000000e+00
4.789153231859207153e+03 1.300000000000000000e+01
4.778655154466629028e+03 1.400000000000000000e+01
4.768156621336936951e+03 1.700000000000000000e+01
4.757658196687698364e+03 1.100000000000000000e+01
4.747159504294395447e+03 2.100000000000000000e+01
4.736660544514656067e+03 1.700000000000000000e+01
4.726161599040031433e+03 1.200000000000000000e+01
4.715662479877471924e+03 1.400000000000000000e+01
4.705163093090057373e+03 9.000000000000000000e+00
4.694663344621658325e+03 1.300000000000000000e+01
4.684163704514503479e+03 1.600000000000000000e+01
4.673663796782493591e+03 1.300000000000000000e+01
4.663163809418678284e+03 1.500000000000000000e+01
4.652663366317749023e+03 1.100000000000000000e+01
4.642163031578063965e+03 1.400000000000000000e+01
4.631662429094314575e+03 8.000000000000000000e+00
4.621161558985710144e+03 9.000000000000000000e+00
4.610660703063011169e+03 9.000000000000000000e+00
4.600159673452377319e+03 8.000000000000000000e+00
4.589658376216888428e+03 9.000000000000000000e+00
4.579156716942787170e+03 1.800000000000000000e+01
4.568655166149139404e+03 2.000000000000000000e+01
4.558153441667556763e+03 1.100000000000000000e+01
4.547651355266571045e+03 1.800000000000000000e+01
4.537149189233779907e+03 1.200000000000000000e+01
4.526646943330764771e+03 1.900000000000000000e+01
4.516144523739814758e+03 1.000000000000000000e+01
4.505641647934913635e+03 1.300000000000000000e+01
4.495138786673545837e+03 1.300000000000000000e+01
4.484635845661163330e+03 1.300000000000000000e+01
4.474132448554039001e+03 1.600000000000000000e+01
4.463629253864288330e+03 9.000000000000000000e+00
4.453125603199005127e+03 1.100000000000000000e+01
4.442621966719627380e+03 1.300000000000000000e+01
4.432117968320846558e+03 1.200000000000000000e+01
4.421613984227180481e+03 1.100000000000000000e+01
4.411109732151031494e+03 1.500000000000000000e+01
4.400605118155479431e+03 1.200000000000000000e+01
4.390100612163543701e+03 7.000000000000000000e+00
4.379595932483673096e+03 1.100000000000000000e+01
4.369090984821319580e+03 1.500000000000000000e+01
4.358585769176483154e+03 1.600000000000000000e+01
4.348080567717552185e+03 1.700000000000000000e+01
4.337575192213058472e+03 6.000000000000000000e+00
4.327069360733032227e+03 1.400000000000000000e+01
4.316563543319702148e+03 1.400000000000000000e+01
4.306057646036148071e+03 1.400000000000000000e+01
4.295551574826240540e+03 1.200000000000000000e+01
4.285045141458511353e+03 1.100000000000000000e+01
4.274538534045219421e+03 1.700000000000000000e+01
4.264032034873962402e+03 7.000000000000000000e+00
4.253524985313415527e+03 1.400000000000000000e+01
4.243018044233322144e+03 1.700000000000000000e+01
4.232510834813117981e+03 1.500000000000000000e+01
4.222003545403480530e+03 1.600000000000000000e+01
4.211495799899101257e+03 1.300000000000000000e+01
4.200988162398338318e+03 1.100000000000000000e+01
4.190480256915092468e+03 1.100000000000000000e+01
4.179972083330154419e+03 1.000000000000000000e+01
4.169463923692703247e+03 1.300000000000000000e+01
4.158955589890480042e+03 1.300000000000000000e+01
4.148446988224983215e+03 4.000000000000000000e+00
4.137938024044036865e+03 1.800000000000000000e+01
4.127429167985916138e+03 1.700000000000000000e+01
4.116920043826103210e+03 1.500000000000000000e+01
4.106410557270050049e+03 1.100000000000000000e+01
4.095901273012161255e+03 1.300000000000000000e+01
4.085391720533370972e+03 1.100000000000000000e+01
4.074881805777549744e+03 7.000000000000000000e+00
4.064371716618537903e+03 1.300000000000000000e+01
4.053861641645431519e+03 9.000000000000000000e+00
4.043351392507553101e+03 1.400000000000000000e+01
4.032840686798095703e+03 7.000000000000000000e+00
4.022329995155334473e+03 1.000000000000000000e+01
4.011819223284721375e+03 1.200000000000000000e+01
4.001308277368545532e+03 1.300000000000000000e+01
3.990796968936920166e+03 4.000000000000000000e+00
3.980285580396652222e+03 1.100000000000000000e+01
3.969774111747741699e+03 1.400000000000000000e+01
3.959262186408042908e+03 2.100000000000000000e+01
3.948750369310379028e+03 1.100000000000000000e+01
3.938238283753395081e+03 1.800000000000000000e+01
3.927726117968559265e+03 1.000000000000000000e+01
3.917213589668273926e+03 1.600000000000000000e+01
3.906701075434684753e+03 1.200000000000000000e+01
3.896188198566436768e+03 7.000000000000000000e+00
3.885675147414207458e+03 1.200000000000000000e+01
3.875162110328674316e+03 1.200000000000000000e+01
3.864648898601531982e+03 1.700000000000000000e+01
3.854135418534278870e+03 1.600000000000000000e+01
3.843621575951576233e+03 1.100000000000000000e+01
3.833107841491699219e+03 9.000000000000000000e+00
3.822594026684761047e+03 1.400000000000000000e+01
3.812079660892486572e+03 1.600000000000000000e+01
3.801565309047698975e+03 2.000000000000000000e+01
3.791050876975059509e+03 2.100000000000000000e+01
3.780536270499229431e+03 1.500000000000000000e+01
3.770021207213401794e+03 1.100000000000000000e+01
3.759506157755851746e+03 1.600000000000000000e+01
3.748991027951240540e+03 1.200000000000000000e+01
3.738475535511970520e+03 1.100000000000000000e+01
3.727960057020187378e+03 1.200000000000000000e+01
3.717444309711456299e+03 1.800000000000000000e+01
3.706928482174873352e+03 1.000000000000000000e+01
3.696412197828292847e+03 1.600000000000000000e+01
3.685896021366119385e+03 1.200000000000000000e+01
3.675379576444625854e+03 1.000000000000000000e+01
3.664862768411636353e+03 1.900000000000000000e+01
3.654346162676811218e+03 9.000000000000000000e+00
3.643829288244247437e+03 1.200000000000000000e+01
3.633312050938606262e+03 1.000000000000000000e+01
3.622794639110565186e+03 1.300000000000000000e+01
3.612277241110801697e+03 1.700000000000000000e+01
3.601759668588638306e+03 1.600000000000000000e+01
3.591241544723510742e+03 1.100000000000000000e+01
3.580723623156547546e+03 1.100000000000000000e+01
3.570205526947975159e+03 8.000000000000000000e+00
3.559687161922454834e+03 8.000000000000000000e+00
3.549168528199195862e+03 1.400000000000000000e+01
3.538649908185005188e+03 1.100000000000000000e+01
3.528131113648414612e+03 1.400000000000000000e+01
3.517611861824989319e+03 1.500000000000000000e+01
3.507092623829841614e+03 1.100000000000000000e+01
3.496573305368423462e+03 1.200000000000000000e+01
3.486053812265396118e+03 1.900000000000000000e+01
3.475533956050872803e+03 1.100000000000000000e+01
3.465013925194740295e+03 1.400000000000000000e+01
3.454493908166885376e+03 7.000000000000000000e+00
3.443973528027534485e+03 1.400000000000000000e+01
3.433453161597251892e+03 1.800000000000000000e+01
3.422932526350021362e+03 1.400000000000000000e+01
3.412411810517311096e+03 1.400000000000000000e+01
3.401890637397766113e+03 2.000000000000000000e+01
3.391369572162628174e+03 2.300000000000000000e+01
3.380848237991333008e+03 1.300000000000000000e+01
3.370326634883880615e+03 6.000000000000000000e+00
3.359805045366287231e+03 1.500000000000000000e+01
3.349283281087875366e+03 1.400000000000000000e+01
3.338761247873306274e+03 1.400000000000000000e+01
3.328238851547241211e+03 1.100000000000000000e+01
3.317716562986373901e+03 1.500000000000000000e+01
3.307194099783897400e+03 1.700000000000000000e+01
3.296671273231506348e+03 1.800000000000000000e+01
3.286148271799087524e+03 1.400000000000000000e+01
3.275625378251075745e+03 7.000000000000000000e+00
3.265102215766906738e+03 1.500000000000000000e+01
3.254578595757484436e+03 1.200000000000000000e+01
3.244054989337921143e+03 1.300000000000000000e+01
3.233531302094459534e+03 1.800000000000000000e+01
3.223007157564163208e+03 2.300000000000000000e+01
3.212483215093612671e+03 1.700000000000000000e+01
3.201958814978599548e+03 1.400000000000000000e+01
3.191434428334236145e+03 1.100000000000000000e+01
3.180909678459167480e+03 1.300000000000000000e+01
3.170384942054748535e+03 2.200000000000000000e+01
3.159859936594963074e+03 1.200000000000000000e+01
3.149334567666053772e+03 1.300000000000000000e+01
3.138809306621551514e+03 1.700000000000000000e+01
3.128283870458602905e+03 7.000000000000000000e+00
3.117758165359497070e+03 1.400000000000000000e+01
3.107232190966606140e+03 1.800000000000000000e+01
3.096706230044364929e+03 7.000000000000000000e+00
3.086180094122886658e+03 1.300000000000000000e+01
3.075653406262397766e+03 8.000000000000000000e+00
3.065126920461654663e+03 1.200000000000000000e+01
3.054600259542465210e+03 9.000000000000000000e+00
3.044073329567909241e+03 1.300000000000000000e+01
3.033546035885810852e+03 1.200000000000000000e+01
3.023018849968910217e+03 1.600000000000000000e+01
3.012491489171981812e+03 1.200000000000000000e+01
3.001963764548301697e+03 1.400000000000000000e+01
2.991435959339141846e+03 8.000000000000000000e+00
2.980908073306083679e+03 1.900000000000000000e+01
2.970380012035369873e+03 1.200000000000000000e+01
2.959851493120193481e+03 2.000000000000000000e+01
2.949322987675666809e+03 2.200000000000000000e+01
2.938794401168823242e+03 1.300000000000000000e+01
2.928265451192855835e+03 1.500000000000000000e+01
2.917736514687538147e+03 1.200000000000000000e+01
2.907207214355468750e+03 1.100000000000000000e+01
2.896678021788597107e+03 1.600000000000000000e+01
2.886148277044296265e+03 8.000000000000000000e+00
2.875618639826774597e+03 1.800000000000000000e+01
2.865088733196258545e+03 9.000000000000000000e+00
2.854558462977409363e+03 1.300000000000000000e+01
2.844028300404548645e+03 1.700000000000000000e+01
2.833498056888580322e+03 1.200000000000000000e+01
2.822967355370521545e+03 1.800000000000000000e+01
2.812436478495597839e+03 1.300000000000000000e+01
2.801905615210533142e+03 1.400000000000000000e+01
2.791374576449394226e+03 1.300000000000000000e+01
2.780843079686164856e+03 1.400000000000000000e+01
2.770311596393585205e+03 9.000000000000000000e+00
2.759780032277107239e+03 1.000000000000000000e+01
2.749248292565345764e+03 1.000000000000000000e+01
2.738716189146041870e+03 1.000000000000000000e+01
2.728184004664421082e+03 9.000000000000000000e+00
2.717651739478111267e+03 4.000000000000000000e+00
2.707119015812873840e+03 9.000000000000000000e+00
2.696586399793624878e+03 1.000000000000000000e+01
2.686053514480590820e+03 1.100000000000000000e+01
2.675520547866821289e+03 1.500000000000000000e+01
2.664987217307090759e+03 1.300000000000000000e+01
2.654453900218009949e+03 1.300000000000000000e+01
2.643920218944549561e+03 2.000000000000000000e+01
2.633386362433433533e+03 1.200000000000000000e+01
2.622852519154548645e+03 1.400000000000000000e+01
2.612318500518798828e+03 1.100000000000000000e+01
2.601784212231636047e+03 5.000000000000000000e+00
2.591249559879302979e+03 1.800000000000000000e+01
2.580715015172958374e+03 1.300000000000000000e+01
2.570180294990539551e+03 1.400000000000000000e+01
2.559645305037498474e+03 1.100000000000000000e+01
2.549110045433044434e+03 1.400000000000000000e+01
2.538574798941612244e+03 1.600000000000000000e+01
2.528039377212524414e+03 1.300000000000000000e+01
2.517503402471542358e+03 2.600000000000000000e+01
2.506967629909515381e+03 2.800000000000000000e+01
2.496431681632995605e+03 2.900000000000000000e+01
2.485895463705062866e+03 3.300000000000000000e+01
2.475358881473541260e+03 4.400000000000000000e+01
2.464822406768798828e+03 4.100000000000000000e+01
2.454285851120948792e+03 2.700000000000000000e+01
2.443748742341995239e+03 3.900000000000000000e+01
2.433211646914482117e+03 2.800000000000000000e+01
2.422674470186233521e+03 3.600000000000000000e+01
2.412137117981910706e+03 2.000000000000000000e+01
2.401599307179450989e+03 2.100000000000000000e+01
2.391061509490013123e+03 1.300000000000000000e+01
2.380523630619049072e+03 2.200000000000000000e+01
2.369985387563705444e+03 1.300000000000000000e+01
2.359447157502174377e+03 1.600000000000000000e+01
2.348908657550811768e+03 1.800000000000000000e+01
2.338370076417922974e+03 1.000000000000000000e+01
2.327831036686897278e+03 1.100000000000000000e+01
2.317292104244232178e+03 1.300000000000000000e+01
2.306752901911735535e+03 1.900000000000000000e+01
2.296213335156440735e+03 1.300000000000000000e+01
2.285673970341682434e+03 1.100000000000000000e+01
2.275134335279464722e+03 9.000000000000000000e+00
2.264594336032867432e+03 1.400000000000000000e+01
2.254054161071777344e+03 1.300000000000000000e+01
2.243513999104499817e+03 8.000000000000000000e+00
2.232973661541938782e+03 1.500000000000000000e+01
2.222432959556579590e+03 1.300000000000000000e+01
2.211892081737518311e+03 1.200000000000000000e+01
2.201351217150688171e+03 2.600000000000000000e+01
2.190810176730155945e+03 6.000000000000000000e+00
2.180268771767616272e+03 9.000000000000000000e+00
2.169727285623550415e+03 1.100000000000000000e+01
2.159185717940330505e+03 1.400000000000000000e+01
2.148643691539764404e+03 1.100000000000000000e+01
2.138101772427558899e+03 1.500000000000000000e+01
2.127559583187103271e+03 2.200000000000000000e+01
2.117017312526702881e+03 1.400000000000000000e+01
2.106474677205085754e+03 1.300000000000000000e+01
2.095932054996490479e+03 1.100000000000000000e+01
2.085389162540435791e+03 5.000000000000000000e+00
2.074845905542373657e+03 1.700000000000000000e+01
2.064302755951881409e+03 1.100000000000000000e+01
2.053759430289268494e+03 1.700000000000000000e+01
2.043215834617614746e+03 9.000000000000000000e+00
2.032671874284744263e+03 9.000000000000000000e+00
2.022128021121025085e+03 1.700000000000000000e+01
2.011584086775779724e+03 9.000000000000000000e+00
2.001039504289627075e+03 1.400000000000000000e+01
1.990495123744010925e+03 1.200000000000000000e+01
1.979950567245483398e+03 6.000000000000000000e+00
1.969405834794044495e+03 1.000000000000000000e+01
1.958860548615455627e+03 2.000000000000000000e+01
1.948315464377403259e+03 1.900000000000000000e+01
1.937770204186439514e+03 1.000000000000000000e+01
1.927224579215049744e+03 1.400000000000000000e+01
1.916678778171539307e+03 1.100000000000000000e+01
1.906133084535598755e+03 1.300000000000000000e+01
1.895587120532989502e+03 1.100000000000000000e+01
1.885040697336196899e+03 1.100000000000000000e+01
1.874494286894798279e+03 1.800000000000000000e+01
1.863947795033454895e+03 1.300000000000000000e+01
1.853400843858718872e+03 1.500000000000000000e+01
1.842854094266891479e+03 6.000000000000000000e+00
1.832306885480880737e+03 1.300000000000000000e+01
1.821759689450263977e+03 1.300000000000000000e+01
1.811212128639221191e+03 1.300000000000000000e+01
1.800664580464363098e+03 1.200000000000000000e+01
1.790116761922836304e+03 1.300000000000000000e+01
1.779568578481674194e+03 1.800000000000000000e+01
1.769020502090454102e+03 1.400000000000000000e+01
1.758472249984741211e+03 1.700000000000000000e+01
1.747923727035522461e+03 1.100000000000000000e+01
1.737374933719635010e+03 1.100000000000000000e+01
1.726826153039932251e+03 1.000000000000000000e+01
1.716277196288108826e+03 1.600000000000000000e+01
1.705727780103683472e+03 1.900000000000000000e+01
1.695178376793861389e+03 1.500000000000000000e+01
1.684628891706466675e+03 1.000000000000000000e+01
1.674079230308532715e+03 1.200000000000000000e+01
1.663529204130172729e+03 1.600000000000000000e+01
1.652979001641273499e+03 1.300000000000000000e+01
1.642428811788558960e+03 9.000000000000000000e+00
1.631878256916999817e+03 1.300000000000000000e+01
1.621327714920043945e+03 1.100000000000000000e+01
1.610776902079582214e+03 1.600000000000000000e+01
1.600226007461547852e+03 1.500000000000000000e+01
1.589674653291702271e+03 1.900000000000000000e+01
1.579123406291007996e+03 1.500000000000000000e+01
1.568571888685226440e+03 1.800000000000000000e+01
1.558020100355148315e+03 1.200000000000000000e+01
1.547468324542045593e+03 1.000000000000000000e+01
1.536916372656822205e+03 1.100000000000000000e+01
1.526364149808883667e+03 1.400000000000000000e+01
1.515811561942100525e+03 1.700000000000000000e+01
1.505259081125259399e+03 1.300000000000000000e+01
1.494706423997879028e+03 1.900000000000000000e+01
1.484153212666511536e+03 1.200000000000000000e+01
1.473600202918052673e+03 8.000000000000000000e+00
1.463047111392021179e+03 1.900000000000000000e+01
1.452493749022483826e+03 2.000000000000000000e+01
1.441939832210540771e+03 9.000000000000000000e+00
1.431386117100715637e+03 7.000000000000000000e+00
1.420832225680351257e+03 1.500000000000000000e+01
1.410277874469757080e+03 1.200000000000000000e+01
1.399723535776138306e+03 1.300000000000000000e+01
1.389169115304946899e+03 1.500000000000000000e+01
1.378614518284797668e+03 1.300000000000000000e+01
1.368059555888175964e+03 1.400000000000000000e+01
1.357504511594772339e+03 1.100000000000000000e+01
1.346949385285377502e+03 1.400000000000000000e+01
1.336393799066543579e+03 1.100000000000000000e+01
1.325838320136070251e+03 1.200000000000000000e+01
1.315282570004463196e+03 1.100000000000000000e+01
1.304726737976074219e+03 1.100000000000000000e+01
1.294170540571212769e+03 1.200000000000000000e+01
1.283614355683326721e+03 1.400000000000000000e+01
1.273057805299758911e+03 7.000000000000000000e+00
1.262501078367233276e+03 1.600000000000000000e+01
1.251944363951683044e+03 1.100000000000000000e+01
1.241387473106384277e+03 1.100000000000000000e+01
1.230830311179161072e+03 1.500000000000000000e+01
1.220272783517837524e+03 1.200000000000000000e+01
1.209715363025665283e+03 1.500000000000000000e+01
1.199157765984535217e+03 1.400000000000000000e+01
1.188599803447723389e+03 1.400000000000000000e+01
1.178041758656501770e+03 1.900000000000000000e+01
1.167483631968498230e+03 1.600000000000000000e+01
1.156925328731536865e+03 1.400000000000000000e+01
1.146366565108299255e+03 1.700000000000000000e+01
1.135807814121246338e+03 1.200000000000000000e+01
1.125248980998992920e+03 1.100000000000000000e+01
1.114689782261848450e+03 8.000000000000000000e+00
1.104130595922470093e+03 1.400000000000000000e+01
1.093571043848991394e+03 1.000000000000000000e+01
1.083011598706245422e+03 1.700000000000000000e+01
1.072451598763465881e+03 1.600000000000000000e+01
1.061891705870628357e+03 8.000000000000000000e+00
1.051331541657447815e+03 1.600000000000000000e+01
1.040771011829376221e+03 1.700000000000000000e+01
1.030210588812828064e+03 1.000000000000000000e+01
1.019650083661079407e+03 1.200000000000000000e+01
1.009089118242263794e+03 1.100000000000000000e+01
9.985279759168624878e+02 1.500000000000000000e+01
9.879668462276458740e+02 1.300000000000000000e+01
9.774055397510528564e+02 1.700000000000000000e+01
9.668437726497650146e+02 2.100000000000000000e+01
9.562820180654525757e+02 9.000000000000000000e+00
9.457201813459396362e+02 1.500000000000000000e+01
9.351581677198410034e+02 2.100000000000000000e+01
9.245955990552902222e+02 1.200000000000000000e+01
9.140333266258239746e+02 1.900000000000000000e+01
9.034707827568054199e+02 1.000000000000000000e+01
8.929077782630920410e+02 1.100000000000000000e+01
8.823447861671447754e+02 1.100000000000000000e+01
8.717817118167877197e+02 1.500000000000000000e+01
8.612184605598449707e+02 1.300000000000000000e+01
8.506548434495925903e+02 1.500000000000000000e+01
8.400910494327545166e+02 1.700000000000000000e+01
8.295272676944732666e+02 1.100000000000000000e+01
8.189631199836730957e+02 1.500000000000000000e+01
8.083989845514297485e+02 1.800000000000000000e+01
7.978345775604248047e+02 1.200000000000000000e+01
7.872700883150100708e+02 7.000000000000000000e+00
7.767051385641098022e+02 1.300000000000000000e+01
7.661402953863143921e+02 1.100000000000000000e+01
7.555751807689666748e+02 1.100000000000000000e+01
7.450097947120666504e+02 7.000000000000000000e+00
7.344444209337234497e+02 1.300000000000000000e+01
7.238788701295852661e+02 1.500000000000000000e+01
7.133130478858947754e+02 1.500000000000000000e+01
7.027468593120574951e+02 1.000000000000000000e+01
6.921807777881622314e+02 7.000000000000000000e+00
6.816145190000534058e+02 1.500000000000000000e+01
6.710478942394256592e+02 1.100000000000000000e+01
6.604810924530029297e+02 1.700000000000000000e+01
6.499143027067184448e+02 1.400000000000000000e+01
6.393474307060241699e+02 6.000000000000000000e+00
6.287800031900405884e+02 1.100000000000000000e+01
6.182125879526138306e+02 1.300000000000000000e+01
6.076450901031494141e+02 1.200000000000000000e+01
5.970771315097808838e+02 1.600000000000000000e+01
5.865092794895172119e+02 1.000000000000000000e+01
5.759411560297012329e+02 1.500000000000000000e+01
5.653729499578475952e+02 1.200000000000000000e+01
5.548043776750564575e+02 1.300000000000000000e+01
5.442358174324035645e+02 1.700000000000000000e+01
5.336669855117797852e+02 1.200000000000000000e+01
5.230980712175369263e+02 1.600000000000000000e+01
5.125286955833435059e+02 1.500000000000000000e+01
5.019594269990921021e+02 2.400000000000000000e+01
4.913898864984512329e+02 1.900000000000000000e+01
4.808199797868728638e+02 1.600000000000000000e+01
4.702502741813659668e+02 1.200000000000000000e+01
4.596802970170974731e+02 1.500000000000000000e+01
4.491099531650543213e+02 1.400000000000000000e+01
4.385394321680068970e+02 1.700000000000000000e+01
4.279689235687255859e+02 1.400000000000000000e+01
4.173982373476028442e+02 1.000000000000000000e+01
4.068270901441574097e+02 2.400000000000000000e+01
3.962559549808502197e+02 1.800000000000000000e+01
3.856847374439239502e+02 1.400000000000000000e+01
3.751133424043655396e+02 1.300000000000000000e+01
3.645414863824844360e+02 1.400000000000000000e+01
3.539697368144989014e+02 1.800000000000000000e+01
3.433978101015090942e+02 1.100000000000000000e+01
3.328254220485687256e+02 8.000000000000000000e+00
3.222530462741851807e+02 1.100000000000000000e+01
3.116805876493453979e+02 1.200000000000000000e+01
3.011079516410827637e+02 1.800000000000000000e+01
2.905349491834640503e+02 2.100000000000000000e+01
2.799617694616317749e+02 9.000000000000000000e+00
2.693886016607284546e+02 1.600000000000000000e+01
2.588150670528411865e+02 2.000000000000000000e+01
2.482415444850921631e+02 1.600000000000000000e+01
2.376677500009536743e+02 9.000000000000000000e+00
2.270938726663589478e+02 1.200000000000000000e+01
2.165195342302322388e+02 2.200000000000000000e+01
2.059453021287918091e+02 1.600000000000000000e+01
1.953707982301712036e+02 1.300000000000000000e+01
1.847960219383239746e+02 1.400000000000000000e+01
1.742212576866149902e+02 2.400000000000000000e+01
1.636463160514831543e+02 3.200000000000000000e+01
1.530711024999618530e+02 3.800000000000000000e+01
1.424955217838287354e+02 5.300000000000000000e+01
1.319200479984283447e+02 6.000000000000000000e+01
1.213443965911865234e+02 3.700000000000000000e+01
1.107683783769607544e+02 7.300000000000000000e+01
1.001921827793121338e+02 8.300000000000000000e+01
8.961609363555908203e+01 8.800000000000000000e+01
7.903973233699798584e+01 7.500000000000000000e+01
6.846290957927703857e+01 5.300000000000000000e+01
5.788609850406646729e+01 8.100000000000000000e+01
4.730920469760894775e+01 3.500000000000000000e+01
3.673184931278228760e+01 3.700000000000000000e+01
2.615460050106048584e+01 1.600000000000000000e+01
1.557707941532135010e+01 2.300000000000000000e+01
4.999475479125976562e+00 1.900000000000000000e+01
-5.578495502471923828e+00 1.300000000000000000e+01
-1.615645444393157959e+01 1.500000000000000000e+01
-2.673468589782714844e+01 1.500000000000000000e+01
-3.731328427791595459e+01 2.400000000000000000e+01
-4.789177608489990234e+01 2.500000000000000000e+01
-5.847044551372528076e+01 1.100000000000000000e+01
-6.904938745498657227e+01 1.900000000000000000e+01
-7.962860143184661865e+01 1.600000000000000000e+01
-9.020780372619628906e+01 2.100000000000000000e+01
-1.007871837615966797e+02 2.200000000000000000e+01
-1.113670253753662109e+02 3.200000000000000000e+01
-1.219468555450439453e+02 8.300000000000000000e+01
-1.325267683267593384e+02 8.100000000000000000e+01
-1.431068589687347412e+02 1.460000000000000000e+02
-1.536873167753219604e+02 1.390000000000000000e+02
-1.642679522037506104e+02 2.130000000000000000e+02
-1.748485758304595947e+02 2.330000000000000000e+02
-1.854295667409896851e+02 2.680000000000000000e+02
-1.960106406211853027e+02 2.350000000000000000e+02
-2.065917973518371582e+02 1.850000000000000000e+02
-2.171731320619583130e+02 2.350000000000000000e+02
-2.277549285888671875e+02 1.360000000000000000e+02
-2.383367134332656860e+02 1.700000000000000000e+02
-2.489185814857482910e+02 7.700000000000000000e+01
-2.595008163452148438e+02 4.300000000000000000e+01
-2.700830398797988892e+02 3.100000000000000000e+01
-2.806656305789947510e+02 1.600000000000000000e+01
-2.912481149435043335e+02 1.800000000000000000e+01
-3.018311560153961182e+02 1.600000000000000000e+01
-3.124140906333923340e+02 2.400000000000000000e+01
-3.229972978830337524e+02 1.100000000000000000e+01
-3.335808725357055664e+02 2.100000000000000000e+01
-3.441643407344818115e+02 1.900000000000000000e+01
-3.547478919029235840e+02 1.300000000000000000e+01
-3.653319053649902344e+02 1.900000000000000000e+01
-3.759160966873168945e+02 1.300000000000000000e+01
-3.865002763271331787e+02 1.700000000000000000e+01
-3.970846338272094727e+02 1.800000000000000000e+01
-4.076694536209106445e+02 1.500000000000000000e+01
-4.182542617321014404e+02 8.000000000000000000e+00
-4.288391529321670532e+02 1.300000000000000000e+01
-4.394242222309112549e+02 1.600000000000000000e+01
-4.500096589326858521e+02 1.700000000000000000e+01
-4.605951787233352661e+02 1.800000000000000000e+01
-4.711807817220687866e+02 2.200000000000000000e+01
-4.817668471336364746e+02 2.100000000000000000e+01
-4.923528060913085938e+02 1.800000000000000000e+01
-5.029390379190444946e+02 1.700000000000000000e+01
-5.135253528356552124e+02 1.400000000000000000e+01
-5.241121300458908081e+02 1.400000000000000000e+01
-5.346987062692642212e+02 1.200000000000000000e+01
-5.452857447862625122e+02 1.400000000000000000e+01
-5.558729614019393921e+02 2.500000000000000000e+01
-5.664601664543151855e+02 1.700000000000000000e+01
-5.770475496053695679e+02 1.700000000000000000e+01
-5.876352055072784424e+02 1.500000000000000000e+01
-5.982232290506362915e+02 1.700000000000000000e+01
-6.088111462593078613e+02 9.000000000000000000e+00
-6.193992416858673096e+02 1.700000000000000000e+01
-6.299877047538757324e+02 1.800000000000000000e+01
-6.405762510299682617e+02 9.000000000000000000e+00
-6.511648807525634766e+02 1.300000000000000000e+01
-6.617536884546279907e+02 1.400000000000000000e+01
-6.723429586887359619e+02 1.300000000000000000e+01
-6.829322175979614258e+02 1.500000000000000000e+01
-6.935215597152709961e+02 1.200000000000000000e+01
-7.041112697124481201e+02 1.300000000000000000e+01
-7.147009682655334473e+02 1.300000000000000000e+01
-7.252910345792770386e+02 1.500000000000000000e+01
-7.358809946775436401e+02 9.000000000000000000e+00
-7.464715119600296021e+02 2.300000000000000000e+01
-7.570620180368423462e+02 1.300000000000000000e+01
-7.676526074409484863e+02 1.600000000000000000e+01
-7.782436596155166626e+02 1.500000000000000000e+01
-7.888346054553985596e+02 8.000000000000000000e+00
-7.994258245229721069e+02 9.000000000000000000e+00
-8.100171267986297607e+02 1.200000000000000000e+01
-8.206087970733642578e+02 9.000000000000000000e+00
-8.312004559040069580e+02 1.200000000000000000e+01
-8.417923878431320190e+02 1.600000000000000000e+01
-8.523846877813339233e+02 2.000000000000000000e+01
-8.629768813848495483e+02 7.000000000000000000e+00
-8.735692534446716309e+02 1.000000000000000000e+01
-8.841618984937667847e+02 1.400000000000000000e+01
-8.947549117803573608e+02 1.600000000000000000e+01
-9.053478186130523682e+02 1.600000000000000000e+01
-9.159408091306686401e+02 1.300000000000000000e+01
-9.265343571901321411e+02 1.400000000000000000e+01
-9.371278941631317139e+02 1.300000000000000000e+01
-9.477215144634246826e+02 1.000000000000000000e+01
-9.583153129816055298e+02 1.200000000000000000e+01
-9.689095746278762817e+02 1.300000000000000000e+01
-9.795038250684738159e+02 1.100000000000000000e+01
-9.900981589555740356e+02 1.400000000000000000e+01
-1.000692860841751099e+03 1.500000000000000000e+01
-1.011287551522254944e+03 1.300000000000000000e+01
-1.021882515430450439e+03 1.700000000000000000e+01
-1.032477563023567200e+03 1.400000000000000000e+01
-1.043073073625564575e+03 1.500000000000000000e+01
-1.053668478012084961e+03 1.400000000000000000e+01
-1.064264155626296997e+03 1.400000000000000000e+01
-1.074860201716423035e+03 1.800000000000000000e+01
-1.085456046581268311e+03 1.200000000000000000e+01
-1.096052164912223816e+03 1.100000000000000000e+01
-1.106648651480674744e+03 1.500000000000000000e+01
-1.117245316505432129e+03 1.800000000000000000e+01
-1.127841970324516296e+03 9.000000000000000000e+00
-1.138438802719116211e+03 1.300000000000000000e+01
-1.149036098241806030e+03 5.000000000000000000e+00
-1.159633382558822632e+03 1.100000000000000000e+01
-1.170230750441551208e+03 1.300000000000000000e+01
-1.180828297138214111e+03 1.300000000000000000e+01
-1.191426211953163147e+03 1.300000000000000000e+01
-1.202024210453033447e+03 1.800000000000000000e+01
-1.212622292637825012e+03 9.000000000000000000e+00
-1.223220838308334351e+03 1.600000000000000000e+01
-1.233819277763366699e+03 1.600000000000000000e+01
-1.244417990684509277e+03 1.100000000000000000e+01
-1.255016787290573120e+03 1.000000000000000000e+01
-1.265615952491760254e+03 1.100000000000000000e+01
-1.276215106368064880e+03 1.200000000000000000e+01
-1.286814628839492798e+03 1.400000000000000000e+01
-1.297414329886436462e+03 1.500000000000000000e+01
-1.308014019727706909e+03 1.600000000000000000e+01
-1.318613983392715454e+03 1.200000000000000000e+01
-1.329214030623435974e+03 1.300000000000000000e+01
-1.339814541459083557e+03 1.400000000000000000e+01
-1.350414945960044861e+03 9.000000000000000000e+00
-1.361015624284744263e+03 1.000000000000000000e+01
-1.371616576313972473e+03 1.300000000000000000e+01
-1.382217517137527466e+03 2.100000000000000000e+01
-1.392818636655807495e+03 8.000000000000000000e+00
-1.403420029997825623e+03 1.300000000000000000e+01
-1.414021791696548462e+03 1.500000000000000000e+01
-1.424623447656631470e+03 1.500000000000000000e+01
-1.435225282311439514e+03 1.400000000000000000e+01
-1.445827485561370850e+03 1.500000000000000000e+01
-1.456429867744445801e+03 1.200000000000000000e+01
-1.467032143712043762e+03 1.500000000000000000e+01
-1.477634693503379822e+03 1.500000000000000000e+01
-1.488237707018852234e+03 1.000000000000000000e+01
-1.498840709447860718e+03 1.200000000000000000e+01
-1.509443795680999756e+03 8.000000000000000000e+00
-1.520047060966491699e+03 1.400000000000000000e+01
-1.530650789737701416e+03 1.100000000000000000e+01
-1.541254507541656494e+03 1.900000000000000000e+01
-1.551858309388160706e+03 1.800000000000000000e+01
-1.562462479829788208e+03 1.000000000000000000e+01
-1.573066639423370361e+03 1.500000000000000000e+01
-1.583671072721481323e+03 1.300000000000000000e+01
-1.594275590062141418e+03 1.600000000000000000e+01
-1.604880571246147156e+03 1.000000000000000000e+01
-1.615485446453094482e+03 1.900000000000000000e+01
-1.626090595602989197e+03 1.000000000000000000e+01
-1.636696018576622009e+03 1.700000000000000000e+01
-1.647301430702209473e+03 1.800000000000000000e+01
-1.657907021522521973e+03 1.800000000000000000e+01
-1.668512981414794922e+03 1.300000000000000000e+01
-1.679119120359420776e+03 6.000000000000000000e+00
-1.689725248336791992e+03 1.300000000000000000e+01
-1.700331555366516113e+03 1.300000000000000000e+01
-1.710938231229782104e+03 1.800000000000000000e+01
-1.721545086264610291e+03 1.000000000000000000e+01
-1.732151930212974548e+03 8.000000000000000000e+00
-1.742758858203887939e+03 1.400000000000000000e+01
-1.753366345405578613e+03 1.700000000000000000e+01
-1.763973821401596069e+03 1.600000000000000000e+01
-1.774581381559371948e+03 1.200000000000000000e+01
-1.785189405918121338e+03 1.700000000000000000e+01
-1.795797324299812317e+03 3.200000000000000000e+01
-1.806405516743659973e+03 1.900000000000000000e+01
-1.817013793349266052e+03 2.200000000000000000e+01
-1.827622439026832581e+03 3.100000000000000000e+01
-1.838231073737144470e+03 7.500000000000000000e+01
-1.848839982748031616e+03 6.000000000000000000e+01
-1.859449260830879211e+03 1.260000000000000000e+02
-1.870058433055877686e+03 1.220000000000000000e+02
-1.880667784452438354e+03 1.310000000000000000e+02
-1.891277409911155701e+03 1.480000000000000000e+02
-1.901887404680252075e+03 9.300000000000000000e+01
-1.912497293472290039e+03 1.270000000000000000e+02
-1.923107456684112549e+03 8.300000000000000000e+01
-1.933717893958091736e+03 1.120000000000000000e+02
-1.944328320503234863e+03 3.000000000000000000e+01
-1.954938926100730896e+03 4.900000000000000000e+01
-1.965549806118011475e+03 2.700000000000000000e+01
-1.976161055326461792e+03 2.100000000000000000e+01
-1.986772198796272278e+03 1.900000000000000000e+01
-1.997383521556854248e+03 1.900000000000000000e+01
-2.007995213508605957e+03 1.400000000000000000e+01
-2.018607084870338440e+03 1.900000000000000000e+01
-2.029218850255012512e+03 1.300000000000000000e+01
-2.039830890178680420e+03 1.400000000000000000e+01
-2.050443394184112549e+03 9.000000000000000000e+00
-2.061055887699127197e+03 1.000000000000000000e+01
-2.071668465495109558e+03 1.000000000000000000e+01
-2.082281507730484009e+03 9.000000000000000000e+00
-2.092894349098205566e+03 1.400000000000000000e+01
-2.103507654786109924e+03 1.100000000000000000e+01
-2.114120949983596802e+03 1.900000000000000000e+01
-2.124734614491462708e+03 1.100000000000000000e+01
-2.135348268270492554e+03 1.800000000000000000e+01
-2.145962196707725525e+03 9.000000000000000000e+00
-2.156576494336128235e+03 1.100000000000000000e+01
-2.167190686345100403e+03 1.700000000000000000e+01
-2.177805057883262634e+03 1.300000000000000000e+01
-2.188419703841209412e+03 1.100000000000000000e+01
-2.199034623980522156e+03 9.000000000000000000e+00
-2.209649533867835999e+03 1.200000000000000000e+01
-2.220264623045921326e+03 1.200000000000000000e+01
-2.230880176901817322e+03 1.300000000000000000e+01
-2.241495719909667969e+03 1.200000000000000000e+01
-2.252111347556114197e+03 9.000000000000000000e+00
-2.262727154612541199e+03 1.400000000000000000e+01
-2.273343331098556519e+03 1.400000000000000000e+01
-2.283959687471389771e+03 1.500000000000000000e+01
-2.294576032996177673e+03 1.300000000000000000e+01
-2.305192748188972473e+03 1.400000000000000000e+01
-2.315809452772140503e+03 1.600000000000000000e+01
-2.326426432013511658e+03 1.400000000000000000e+01
-2.337043495655059814e+03 1.500000000000000000e+01
-2.347661024212837219e+03 1.100000000000000000e+01
-2.358278446912765503e+03 1.300000000000000000e+01
-2.368896144390106201e+03 1.400000000000000000e+01
-2.379514116644859314e+03 1.200000000000000000e+01
-2.390132078051567078e+03 1.000000000000000000e+01
-2.400750219225883484e+03 1.900000000000000000e+01
-2.411368635177612305e+03 1.000000000000000000e+01
-2.421987420678138733e+03 1.400000000000000000e+01
-2.432606100678443909e+03 1.600000000000000000e+01
-2.443224960446357727e+03 1.400000000000000000e+01
-2.453844380021095276e+03 1.700000000000000000e+01
-2.464463599205017090e+03 1.200000000000000000e+01
-2.475082902550697327e+03 1.000000000000000000e+01
-2.485702671170234680e+03 1.100000000000000000e+01
-2.496322619438171387e+03 1.500000000000000000e+01
-2.506942556977272034e+03 1.300000000000000000e+01
-2.517562674522399902e+03 9.000000000000000000e+00
-2.528183256626129150e+03 1.300000000000000000e+01
-2.538803828716278076e+03 5.000000000000000000e+00
-2.549424485445022583e+03 7.000000000000000000e+00
-2.560045321583747864e+03 1.200000000000000000e+01
-2.570666527867317200e+03 1.100000000000000000e+01
-2.581287818789482117e+03 1.600000000000000000e+01
-2.591909194231033325e+03 1.200000000000000000e+01
-2.602531034946441650e+03 1.800000000000000000e+01
-2.613152770042419434e+03 1.500000000000000000e+01
-2.623774780035018921e+03 1.500000000000000000e+01
-2.634396874785423279e+03 9.000000000000000000e+00
-2.645019434690475464e+03 1.300000000000000000e+01
-2.655641793966293335e+03 1.200000000000000000e+01
-2.666264618396759033e+03 2.000000000000000000e+01
-2.676887622594833374e+03 1.500000000000000000e+01
-2.687510616540908813e+03 9.000000000000000000e+00
-2.698133790135383606e+03 2.300000000000000000e+01
-2.708757238984107971e+03 1.100000000000000000e+01
-2.719381057858467102e+03 9.000000000000000000e+00
-2.730004771113395691e+03 1.300000000000000000e+01
-2.740628664493560791e+03 1.200000000000000000e+01
-2.751252927899360657e+03 1.600000000000000000e+01
-2.761877276062965393e+03 1.200000000000000000e+01
-2.772501709103584290e+03 1.200000000000000000e+01
-2.783126321911811829e+03 1.400000000000000000e+01
-2.793751400232315063e+03 1.000000000000000000e+01
-2.804376468181610107e+03 9.000000000000000000e+00
-2.815001620888710022e+03 1.700000000000000000e+01
-2.825627143979072571e+03 9.000000000000000000e+00
-2.836252656698226929e+03 1.400000000000000000e+01
-2.846878539681434631e+03 1.400000000000000000e+01
-2.857504317283630371e+03 1.300000000000000000e+01
-2.868130655407905579e+03 1.800000000000000000e+01
-2.878756888031959534e+03 9.000000000000000000e+00
-2.889383396029472351e+03 1.400000000000000000e+01
-2.900010274171829224e+03 1.300000000000000000e+01
-2.910637046933174133e+03 9.000000000000000000e+00
-2.921263999938964844e+03 1.400000000000000000e+01
-2.931891227960586548e+03 8.000000000000000000e+00
-2.942518731236457825e+03 1.200000000000000000e+01
-2.953146224260330200e+03 1.100000000000000000e+01
-2.963773897528648376e+03 1.100000000000000000e+01
-2.974402131438255310e+03 1.000000000000000000e+01
-2.985030164718627930e+03 1.000000000000000000e+01
-2.995658378124237061e+03 8.000000000000000000e+00
-3.006286771774291992e+03 9.000000000000000000e+00
-3.016915726065635681e+03 1.400000000000000000e+01
-3.027544479966163635e+03 1.300000000000000000e+01
-3.038173318862915039e+03 1.300000000000000000e+01
-3.048802718520164490e+03 6.000000000000000000e+00
-3.059432108044624329e+03 1.100000000000000000e+01
-3.070061582565307617e+03 1.900000000000000000e+01
-3.080691237330436707e+03 1.600000000000000000e+01
-3.091321357607841492e+03 1.100000000000000000e+01
-3.101951468110084534e+03 1.100000000000000000e+01
-3.112581663370132446e+03 2.100000000000000000e+01
-3.123212229251861572e+03 1.000000000000000000e+01
-3.133842785000801086e+03 1.900000000000000000e+01
-3.144473616242408752e+03 1.500000000000000000e+01
-3.155104532480239868e+03 1.800000000000000000e+01
-3.165735914707183838e+03 2.100000000000000000e+01
-3.176367191433906555e+03 1.500000000000000000e+01
-3.186998743772506714e+03 1.200000000000000000e+01
-3.197630666613578796e+03 1.200000000000000000e+01
-3.208262389183044434e+03 1.300000000000000000e+01
-3.218894387245178223e+03 1.100000000000000000e+01
-3.229526755809783936e+03 1.300000000000000000e+01
-3.240159304857254028e+03 1.300000000000000000e+01
-3.250791843891143799e+03 1.000000000000000000e+01
-3.261424563050270081e+03 1.300000000000000000e+01
-3.272057748317718506e+03 1.100000000000000000e+01
-3.282690923571586609e+03 1.400000000000000000e+01
-3.293324183940887451e+03 1.000000000000000000e+01
-3.303957624793052673e+03 1.600000000000000000e+01
-3.314591436266899109e+03 1.600000000000000000e+01
-3.325225333094596863e+03 8.000000000000000000e+00
-3.335859315037727356e+03 1.100000000000000000e+01
-3.346493763089179993e+03 1.700000000000000000e+01
-3.357128105759620667e+03 1.200000000000000000e+01
-3.367762724280357361e+03 2.200000000000000000e+01
-3.378397427916526794e+03 1.600000000000000000e+01
-3.389032502532005310e+03 2.100000000000000000e+01
-3.399667567014694214e+03 1.200000000000000000e+01
-3.410303002715110779e+03 1.500000000000000000e+01
-3.420938618659973145e+03 1.600000000000000000e+01
-3.431574224710464478e+03 1.000000000000000000e+01
-3.442210011243820190e+03 1.100000000000000000e+01
-3.452846073508262634e+03 2.100000000000000000e+01
-3.463482506752014160e+03 1.200000000000000000e+01
-3.474118834853172302e+03 2.100000000000000000e+01
-3.484755343437194824e+03 1.400000000000000000e+01
-3.495392223119735718e+03 1.400000000000000000e+01
-3.506029188156127930e+03 1.400000000000000000e+01
-3.516666238427162170e+03 1.000000000000000000e+01
-3.527303469300270081e+03 1.400000000000000000e+01
-3.537941166400909424e+03 1.400000000000000000e+01
-3.548578853726387024e+03 8.000000000000000000e+00
-3.559216626405715942e+03 1.900000000000000000e+01
-3.569854770064353943e+03 7.000000000000000000e+00
-3.580493094444274902e+03 1.100000000000000000e+01
-3.591131313681602478e+03 7.000000000000000000e+00
-3.601769808888435364e+03 2.400000000000000000e+01
-3.612408770322799683e+03 1.000000000000000000e+01
-3.623047722101211548e+03 1.500000000000000000e+01
-3.633686759233474731e+03 1.500000000000000000e+01
-3.644325976967811584e+03 7.000000000000000000e+00
-3.654965661287307739e+03 1.500000000000000000e+01
-3.665605335593223572e+03 8.000000000000000000e+00
-3.676245095491409302e+03 1.500000000000000000e+01
-3.686885226607322693e+03 1.000000000000000000e+01
-3.697525347828865051e+03 1.500000000000000000e+01
-3.708165745139122009e+03 1.600000000000000000e+01
-3.718806227922439575e+03 1.800000000000000000e+01
-3.729447177290916443e+03 1.700000000000000000e+01
-3.740088021516799927e+03 1.500000000000000000e+01
-3.750729141950607300e+03 1.300000000000000000e+01
-3.761370633482933044e+03 1.900000000000000000e+01
-3.772011924743652344e+03 9.000000000000000000e+00
-3.782653492212295532e+03 9.000000000000000000e+00
-3.793295430898666382e+03 1.400000000000000000e+01
-3.803937550425529480e+03 1.000000000000000000e+01
-3.814579660296440125e+03 1.800000000000000000e+01
-3.825221950888633728e+03 1.800000000000000000e+01
-3.835864708304405212e+03 1.400000000000000000e+01
-3.846507455825805664e+03 1.500000000000000000e+01
-3.857150289177894592e+03 1.800000000000000000e+01
-3.867793303132057190e+03 8.000000000000000000e+00
-3.878436688780784607e+03 7.000000000000000000e+00
-3.889080159902572632e+03 1.200000000000000000e+01
-3.899723716616630554e+03 5.000000000000000000e+00
-3.910367740154266357e+03 9.000000000000000000e+00
-3.921011658668518066e+03 1.400000000000000000e+01
-3.931655853390693665e+03 1.400000000000000000e+01
-3.942300133824348450e+03 1.100000000000000000e+01
-3.952944785833358765e+03 1.100000000000000000e+01
-3.963589428067207336e+03 8.000000000000000000e+00
-3.974234441876411438e+03 1.300000000000000000e+01
-3.984879636764526367e+03 1.500000000000000000e+01
-3.995524821996688843e+03 2.500000000000000000e+01
-4.006170188307762146e+03 1.500000000000000000e+01
-4.016815830707550049e+03 1.000000000000000000e+01
-4.027461844801902771e+03 1.200000000000000000e+01
-4.038107753992080688e+03 1.300000000000000000e+01
-4.048753748893737793e+03 1.100000000000000000e+01
-4.059400306224822998e+03 1.600000000000000000e+01
-4.070046853780746460e+03 1.000000000000000000e+01
-4.080693487286567688e+03 1.400000000000000000e+01
-4.091340301632881165e+03 1.100000000000000000e+01
-4.101987583041191101e+03 1.400000000000000000e+01
-4.112634854912757874e+03 1.300000000000000000e+01
-4.123282212734222412e+03 1.100000000000000000e+01
-4.133929942131042480e+03 1.600000000000000000e+01
-4.144577852606773376e+03 8.000000000000000000e+00
-4.155225658297538757e+03 1.900000000000000000e+01
-4.165873740434646606e+03 7.000000000000000000e+00
-4.176522289752960205e+03 7.000000000000000000e+00
-4.187170829415321350e+03 1.000000000000000000e+01
-4.197819455027580261e+03 1.200000000000000000e+01
-4.208468547821044922e+03 1.200000000000000000e+01
-4.219117535591125488e+03 1.400000000000000000e+01
-4.229766800045967102e+03 1.700000000000000000e+01
-4.240416150331497192e+03 1.800000000000000000e+01
-4.251065872430801392e+03 1.400000000000000000e+01
-4.261715585112571716e+03 1.700000000000000000e+01
-4.272365574359893799e+03 1.300000000000000000e+01
-4.283015935540199280e+03 1.300000000000000000e+01
-4.293666192054748535e+03 1.100000000000000000e+01
-4.304316629528999329e+03 1.600000000000000000e+01
-4.314967343807220459e+03 2.300000000000000000e+01
-4.325618430018424988e+03 7.000000000000000000e+00
-4.336269315958023071e+03 1.300000000000000000e+01
-4.346920478701591492e+03 1.400000000000000000e+01
-4.357572108864784241e+03 1.000000000000000000e+01
-4.368223729491233826e+03 1.100000000000000000e+01
-4.378875436067581177e+03 1.100000000000000000e+01
-4.389527323961257935e+03 2.200000000000000000e+01
-4.400179583907127380e+03 1.700000000000000000e+01
-4.410832025289535522e+03 1.300000000000000000e+01
-4.421484457254409790e+03 1.600000000000000000e+01
-4.432137261271476746e+03 1.000000000000000000e+01
-4.442790055871009827e+03 1.500000000000000000e+01
-4.453443127274513245e+03 1.400000000000000000e+01
-4.464096284747123718e+03 7.000000000000000000e+00
-4.474749909758567810e+03 1.800000000000000000e+01
-4.485403429985046387e+03 9.000000000000000000e+00
-4.496057226896286011e+03 1.200000000000000000e+01
-4.506711300849914551e+03 1.600000000000000000e+01
-4.517365365386009216e+03 1.500000000000000000e+01
-4.528019611239433289e+03 1.800000000000000000e+01
-4.538674134016036987e+03 2.200000000000000000e+01
-4.549329029083251953e+03 1.300000000000000000e+01
-4.559983819484710693e+03 1.400000000000000000e+01
-4.570638791203498840e+03 1.300000000000000000e+01
-4.581294135332107544e+03 1.500000000000000000e+01
-4.591949660897254944e+03 1.100000000000000000e+01
-4.602605177164077759e+03 1.400000000000000000e+01
-4.613260779619216919e+03 1.400000000000000000e+01
-4.623916944980621338e+03 1.100000000000000000e+01
-4.634573101162910461e+03 9.000000000000000000e+00
-4.645229343771934509e+03 1.100000000000000000e+01
-4.655886053919792175e+03 1.400000000000000000e+01
-4.666542659401893616e+03 1.700000000000000000e+01
-4.677199541807174683e+03 2.000000000000000000e+01
-4.687856510519981384e+03 1.500000000000000000e+01
-4.698513851761817932e+03 2.600000000000000000e+01
-4.709171183466911316e+03 1.100000000000000000e+01
-4.719828792452812195e+03 1.600000000000000000e+01
-4.730486773729324341e+03 1.300000000000000000e+01
-4.741144650578498840e+03 1.700000000000000000e+01
-4.751802804231643677e+03 1.200000000000000000e+01
-4.762461044311523438e+03 6.000000000000000000e+00
-4.773119752168655396e+03 1.200000000000000000e+01
-4.783778355598449707e+03 9.000000000000000000e+00
-4.794437235832214355e+03 1.100000000000000000e+01
-4.805096393585205078e+03 1.400000000000000000e+01
-4.815755541801452637e+03 1.500000000000000000e+01
-4.826414871931076050e+03 1.400000000000000000e+01
-4.837074479103088379e+03 1.400000000000000000e+01
-4.847734458923339844e+03 1.600000000000000000e+01
-4.858394334197044373e+03 9.000000000000000000e+00
-4.869054391145706177e+03 1.500000000000000000e+01
-4.879714820742607117e+03 9.000000000000000000e+00
-4.890375336647033691e+03 1.000000000000000000e+01
-4.901035938858985901e+03 1.600000000000000000e+01
-4.911696722865104675e+03 1.400000000000000000e+01
-4.922357975125312805e+03 2.000000000000000000e+01
-4.933019218087196350e+03 9.000000000000000000e+00
-4.943680547475814819e+03 8.000000000000000000e+00
-4.954342345118522644e+03 1.400000000000000000e+01
-4.965003942728042603e+03 1.100000000000000000e+01
-4.975666008472442627e+03 1.700000000000000000e+01
-4.986328065037727356e+03 1.500000000000000000e+01
-4.996990494608879089e+03 1.300000000000000000e+01
-5.007652914881706238e+03 9.000000000000000000e+00
-5.018315612792968750e+03 1.300000000000000000e+01
-5.028978683352470398e+03 1.300000000000000000e+01
-5.039641649484634399e+03 1.900000000000000000e+01
-5.050304797291755676e+03 2.000000000000000000e+01
-5.060968222618103027e+03 1.600000000000000000e+01
-5.071631925344467163e+03 1.400000000000000000e+01
-5.082295619130134583e+03 1.200000000000000000e+01
-5.092959494709968567e+03 9.000000000000000000e+00
-5.103623838663101196e+03 1.300000000000000000e+01
-5.114288173675537109e+03 1.800000000000000000e+01
-5.124952595233917236e+03 9.000000000000000000e+00
-5.135617198586463928e+03 7.000000000000000000e+00
-5.146282175064086914e+03 2.300000000000000000e+01
-5.156947333455085754e+03 1.400000000000000000e+01
-5.167612482786178589e+03 1.500000000000000000e+01
-5.178278005242347717e+03 8.000000000000000000e+00
-5.188943518757820129e+03 9.000000000000000000e+00
-5.199609309673309326e+03 1.100000000000000000e+01
-5.210275187253952026e+03 1.900000000000000000e+01
-5.220941533207893372e+03 1.600000000000000000e+01
-5.231607774853706360e+03 2.900000000000000000e+01
-5.242274294137954712e+03 4.100000000000000000e+01
-5.252941090822219849e+03 6.600000000000000000e+01
-5.263607878565788269e+03 6.900000000000000000e+01
-5.274274848580360413e+03 1.130000000000000000e+02
-5.284942096233367920e+03 1.180000000000000000e+02
-5.295609716773033142e+03 1.310000000000000000e+02
-5.306277233123779297e+03 1.360000000000000000e+02
-5.316944931626319885e+03 1.010000000000000000e+02
-5.327613193988800049e+03 1.070000000000000000e+02
-5.338281256675720215e+03 9.400000000000000000e+01
-5.348949406027793884e+03 9.200000000000000000e+01
-5.359618024110794067e+03 3.800000000000000000e+01
-5.370286824345588684e+03 4.600000000000000000e+01
-5.380955615758895874e+03 2.400000000000000000e+01
-5.391624589323997498e+03 1.400000000000000000e+01
-5.402294031620025635e+03 2.700000000000000000e+01
-5.412963465094566345e+03 1.600000000000000000e+01
-5.423632985353469849e+03 9.000000000000000000e+00
-5.434302687883377075e+03 1.800000000000000000e+01
-5.444972763538360596e+03 1.200000000000000000e+01
-5.455642925977706909e+03 7.000000000000000000e+00
-5.466313175201416016e+03 9.000000000000000000e+00
-5.476983893394470215e+03 1.200000000000000000e+01
-5.487654507160186768e+03 1.700000000000000000e+01
-5.498325398683547974e+03 1.400000000000000000e+01
-5.508996376991271973e+03 9.000000000000000000e+00
-5.519667824268341064e+03 1.500000000000000000e+01
-5.530339071750640869e+03 2.300000000000000000e+01
-5.541010788083076477e+03 1.700000000000000000e+01
-5.551682686686515808e+03 1.100000000000000000e+01
-5.562354576706886292e+03 1.800000000000000000e+01
-5.573026648998260498e+03 1.500000000000000000e+01
-5.583698999404907227e+03 1.700000000000000000e+01
-5.594371723055839539e+03 1.700000000000000000e+01
-5.605044342517852783e+03 1.800000000000000000e+01
-5.615717144370079041e+03 1.500000000000000000e+01
-5.626390319585800171e+03 7.000000000000000000e+00
-5.637063581943511963e+03 1.400000000000000000e+01
-5.647736930847167969e+03 1.700000000000000000e+01
-5.658410462379455566e+03 1.400000000000000000e+01
-5.669084463000297546e+03 1.200000000000000000e+01
-5.679758455038070679e+03 1.700000000000000000e+01
-5.690432533860206604e+03 1.600000000000000000e+01
-5.701106795072555542e+03 1.200000000000000000e+01
-5.711781430125236511e+03 1.200000000000000000e+01
-5.722456247448921204e+03 1.400000000000000000e+01
-5.733131056189537048e+03 1.200000000000000000e+01
-5.743806238651275635e+03 1.600000000000000000e+01
-5.754481412410736084e+03 1.700000000000000000e+01
-5.765156864404678345e+03 1.500000000000000000e+01
-5.775832403063774109e+03 1.100000000000000000e+01
-5.786508411288261414e+03 1.500000000000000000e+01
-5.797184315085411072e+03 1.300000000000000000e+01
-5.807860497236251831e+03 1.700000000000000000e+01
-5.818536957502365112e+03 1.200000000000000000e+01
-5.829213409066200256e+03 1.500000000000000000e+01
-5.839890043139457703e+03 1.300000000000000000e+01
-5.850566955804824829e+03 1.400000000000000000e+01
-5.861244241952896118e+03 1.000000000000000000e+01
-5.871921424031257629e+03 1.400000000000000000e+01
-5.882598788619041443e+03 1.200000000000000000e+01
-5.893276718378067017e+03 1.500000000000000000e+01
-5.903954448342323303e+03 1.200000000000000000e+01
-5.914632265329360962e+03 2.000000000000000000e+01
-5.925310360550880432e+03 1.600000000000000000e+01
-5.935989020943641663e+03 1.300000000000000000e+01
-5.946667481541633606e+03 1.200000000000000000e+01
-5.957346124768257141e+03 1.400000000000000000e+01
-5.968025237679481506e+03 1.900000000000000000e+01
-5.978704342007637024e+03 1.600000000000000000e+01
-5.989383533358573914e+03 7.000000000000000000e+00
-6.000062907576560974e+03 1.500000000000000000e+01
-6.010742655754089355e+03 1.700000000000000000e+01
-6.021422491073608398e+03 1.200000000000000000e+01
-6.032102413415908813e+03 1.900000000000000000e+01
-6.042782805562019348e+03 9.000000000000000000e+00
-6.053463093519210815e+03 9.000000000000000000e+00
-6.064143659830093384e+03 1.100000000000000000e+01
-6.074824313282966614e+03 2.200000000000000000e+01
-6.085505436658859253e+03 1.200000000000000000e+01
-6.096186360120773315e+03 1.900000000000000000e+01
-6.106867753267288208e+03 1.100000000000000000e+01
-6.117549329519271851e+03 1.500000000000000000e+01
-6.128230897188186646e+03 1.000000000000000000e+01
-6.138912647604942322e+03 1.700000000000000000e+01
-6.149594676613807678e+03 1.500000000000000000e+01
-6.160277079820632935e+03 1.600000000000000000e+01
-6.170959378957748413e+03 1.100000000000000000e+01
-6.181641860961914062e+03 1.500000000000000000e+01
-6.192324717044830322e+03 1.300000000000000000e+01
-6.203007660508155823e+03 6.000000000000000000e+00
-6.213690691351890564e+03 1.100000000000000000e+01
-6.224373904943466187e+03 1.700000000000000000e+01
-6.235057588458061218e+03 1.100000000000000000e+01
-6.245741263628005981e+03 1.500000000000000000e+01
-6.256425026178359985e+03 8.000000000000000000e+00
-6.267109258651733398e+03 1.900000000000000000e+01
-6.277793291211128235e+03 7.000000000000000000e+00
-6.288477794051170349e+03 1.200000000000000000e+01
-6.299162288427352905e+03 1.600000000000000000e+01
-6.309847157120704651e+03 1.400000000000000000e+01
-6.320532017707824707e+03 1.400000000000000000e+01
-6.331217156767845154e+03 6.000000000000000000e+00
-6.341902670145034790e+03 1.300000000000000000e+01
-6.352588079690933228e+03 1.400000000000000000e+01
-6.363273672223091125e+03 1.500000000000000000e+01
-6.373959543466567993e+03 1.700000000000000000e+01
-6.384645693540573120e+03 1.300000000000000000e+01
-6.395331835269927979e+03 1.800000000000000000e+01
-6.406018160104751587e+03 1.700000000000000000e+01
-6.416704955101013184e+03 1.000000000000000000e+01
-6.427391741752624512e+03 2.000000000000000000e+01
-6.438078615903854370e+03 1.200000000000000000e+01
-6.448765673279762268e+03 8.000000000000000000e+00
-6.459453296422958374e+03 9.000000000000000000e+00
-6.470140720009803772e+03 1.400000000000000000e+01
-6.480828230977058411e+03 1.200000000000000000e+01
-6.491516307950019836e+03 1.300000000000000000e+01
-6.502204376697540283e+03 1.400000000000000000e+01
-6.512892532944679260e+03 1.500000000000000000e+01
-6.523580872297286987e+03 9.000000000000000000e+00
-6.534269682049751282e+03 1.000000000000000000e+01
-6.544958483576774597e+03 1.900000000000000000e+01
-6.555647372603416443e+03 1.800000000000000000e+01
-6.566336636304855347e+03 2.200000000000000000e+01
-6.577025891661643982e+03 1.500000000000000000e+01
-6.587715426206588745e+03 9.000000000000000000e+00
-6.598405048251152039e+03 1.300000000000000000e+01
-6.609095140576362610e+03 8.000000000000000000e+00
-6.619785129070281982e+03 1.600000000000000000e+01
-6.630475396752357483e+03 1.600000000000000000e+01
-6.641166038990020752e+03 9.000000000000000000e+00
-6.651856577277183533e+03 1.400000000000000000e+01
-6.662547203421592712e+03 7.000000000000000000e+00
-6.673238299846649170e+03 1.100000000000000000e+01
-6.683929579734802246e+03 9.000000000000000000e+00
-6.694620851397514343e+03 1.100000000000000000e+01
-6.705312306642532349e+03 1.100000000000000000e+01
-6.716004232048988342e+03 2.400000000000000000e+01
-6.726696149706840515e+03 1.700000000000000000e+01
-6.737388154864311218e+03 1.200000000000000000e+01
-6.748080343484878540e+03 1.400000000000000000e+01
-6.758772906899452209e+03 1.700000000000000000e+01
-6.769465558052062988e+03 1.000000000000000000e+01
-6.780158296704292297e+03 1.700000000000000000e+01
-6.790851506233215332e+03 1.100000000000000000e+01
-6.801544611930847168e+03 9.000000000000000000e+00
-6.812237996816635132e+03 1.800000000000000000e+01
-6.822931469321250916e+03 1.100000000000000000e+01
-6.833625412583351135e+03 1.700000000000000000e+01
-6.844319156289100647e+03 1.600000000000000000e+01
-6.855013370871543884e+03 1.400000000000000000e+01
-6.865707768797874451e+03 1.700000000000000000e+01
-6.876402158737182617e+03 1.100000000000000000e+01
-6.887096732139587402e+03 2.400000000000000000e+01
-6.897791584968566895e+03 1.100000000000000000e+01
-6.908486812710762024e+03 1.700000000000000000e+01
-6.919181936860084534e+03 1.300000000000000000e+01
-6.929877244591712952e+03 1.200000000000000000e+01
-6.940572926998138428e+03 1.200000000000000000e+01
-6.951268697619438171e+03 1.300000000000000000e+01
-6.961964555859565735e+03 1.200000000000000000e+01
-6.972660597920417786e+03 1.600000000000000000e+01
-6.983357110738754272e+03 1.400000000000000000e+01
-6.994053615689277649e+03 1.800000000000000000e+01
-7.004750208377838135e+03 1.900000000000000000e+01
-7.015447176218032837e+03 8.000000000000000000e+00
-7.026144136190414429e+03 1.600000000000000000e+01
-7.036841471314430237e+03 1.400000000000000000e+01
-7.047538798689842224e+03 1.400000000000000000e+01
-7.058236501097679138e+03 5.000000000000000000e+00
-7.068934195756912231e+03 1.400000000000000000e+01
-7.079632169723510742e+03 1.700000000000000000e+01
-7.090330519080162048e+03 1.300000000000000000e+01
-7.101028764843940735e+03 1.200000000000000000e+01
-7.111727289915084839e+03 1.000000000000000000e+01
-7.122425903081893921e+03 1.600000000000000000e+01
-7.133124891519546509e+03 1.300000000000000000e+01
-7.143823872208595276e+03 9.000000000000000000e+00
-7.154523227930068970e+03 9.000000000000000000e+00
-7.165222767829895020e+03 1.200000000000000000e+01
-7.175922299623489380e+03 1.900000000000000000e+01
-7.186622015237808228e+03 1.700000000000000000e+01
-7.197322010397911072e+03 1.200000000000000000e+01
-7.208022381067276001e+03 1.200000000000000000e+01
-7.218722648024559021e+03 1.000000000000000000e+01
-7.229423003077507019e+03 8.000000000000000000e+00
-7.240123925089836121e+03 1.000000000000000000e+01
-7.250824839353561401e+03 1.100000000000000000e+01
-7.261525841832160950e+03 1.600000000000000000e+01
-7.272227028012275696e+03 1.600000000000000000e+01
-7.282928685426712036e+03 1.800000000000000000e+01
-7.293630335092544556e+03 1.100000000000000000e+01
-7.304332072854042053e+03 1.800000000000000000e+01
-7.315034186244010925e+03 1.800000000000000000e+01
-7.325736291766166687e+03 1.400000000000000000e+01
-7.336438677072525024e+03 9.000000000000000000e+00
-7.347141150355339050e+03 1.600000000000000000e+01
-7.357844095230102539e+03 1.200000000000000000e+01
-7.368546936631202698e+03 6.000000000000000000e+00
-7.379250057578086853e+03 1.400000000000000000e+01
-7.389953554272651672e+03 1.700000000000000000e+01
-7.400656947374343872e+03 1.300000000000000000e+01
-7.411360428690910339e+03 1.000000000000000000e+01
-7.422064381480216980e+03 1.700000000000000000e+01
-7.432768518090248108e+03 8.000000000000000000e+00
-7.443472647309303284e+03 1.300000000000000000e+01
-7.454176960468292236e+03 1.100000000000000000e+01
-7.464881745100021362e+03 1.700000000000000000e+01
-7.475586521983146667e+03 1.200000000000000000e+01
-7.486291387200355530e+03 1.600000000000000000e+01
-7.496996436476707458e+03 1.800000000000000000e+01
-7.507701861500740051e+03 1.100000000000000000e+01
-7.518407374739646912e+03 1.700000000000000000e+01
-7.529112976074218750e+03 1.700000000000000000e+01
-7.539819049239158630e+03 1.100000000000000000e+01
-7.550525018930435181e+03 2.100000000000000000e+01
-7.561231268644332886e+03 1.500000000000000000e+01
-7.571937606453895569e+03 1.300000000000000000e+01
-7.582644320011138916e+03 1.500000000000000000e+01
-7.593351026177406311e+03 1.300000000000000000e+01
-7.604058108329772949e+03 1.600000000000000000e+01
-7.614765374541282654e+03 9.000000000000000000e+00
-7.625472633242607117e+03 1.400000000000000000e+01
-7.636180075883865356e+03 1.700000000000000000e+01
-7.646887798786163330e+03 1.000000000000000000e+01
-7.657595897436141968e+03 1.500000000000000000e+01
-7.668303892850875854e+03 1.500000000000000000e+01
-7.679012072324752808e+03 1.400000000000000000e+01
-7.689720723867416382e+03 1.400000000000000000e+01
-7.700429271817207336e+03 1.800000000000000000e+01
-7.711138004064559937e+03 1.000000000000000000e+01
-7.721847112298011780e+03 1.300000000000000000e+01
-7.732556404829025269e+03 1.100000000000000000e+01
-7.743265689969062805e+03 1.400000000000000000e+01
-7.753975159287452698e+03 1.500000000000000000e+01
-7.764685004711151123e+03 1.900000000000000000e+01
-7.775395034432411194e+03 1.000000000000000000e+01
-7.786105056524276733e+03 1.200000000000000000e+01
-7.796815167188644409e+03 1.600000000000000000e+01
-7.807525845766067505e+03 2.000000000000000000e+01
-7.818236516952514648e+03 1.800000000000000000e+01
-7.828947276353836060e+03 1.100000000000000000e+01
-7.839658220291137695e+03 1.000000000000000000e+01
-7.850369636297225952e+03 1.000000000000000000e+01
-7.861081044793128967e+03 6.000000000000000000e+00
-7.871792541980743408e+03 1.300000000000000000e+01
-7.882504415035247803e+03 1.300000000000000000e+01
-7.893216280937194824e+03 1.200000000000000000e+01
-7.903928427100181580e+03 1.800000000000000000e+01
-7.914640661716461182e+03 8.000000000000000000e+00
-7.925353368520736694e+03 1.800000000000000000e+01
-7.936065972089767456e+03 1.400000000000000000e+01
-7.946778855919837952e+03 1.400000000000000000e+01
-7.957492116093635559e+03 6.000000000000000000e+00
-7.968205273032188416e+03 1.300000000000000000e+01
-7.978918518543243408e+03 8.000000000000000000e+00
-7.989632236242294312e+03 1.100000000000000000e+01
-8.000346138477325439e+03 1.200000000000000000e+01
-8.011060033321380615e+03 9.000000000000000000e+00
-8.021774112701416016e+03 1.300000000000000000e+01
-8.032488664507865906e+03 1.200000000000000000e+01
-8.043203208804130554e+03 2.000000000000000000e+01
-8.053917841792106628e+03 1.100000000000000000e+01
-8.064632659435272217e+03 1.300000000000000000e+01
-8.075347853422164917e+03 1.100000000000000000e+01
-8.086063136100769043e+03 1.800000000000000000e+01
-8.096778507351875305e+03 1.300000000000000000e+01
-8.107494351029396057e+03 1.700000000000000000e+01
-8.118210091590881348e+03 7.000000000000000000e+00
-8.128926112532615662e+03 1.900000000000000000e+01
-8.139642222404479980e+03 1.800000000000000000e+01
-8.150358804583549500e+03 1.400000000000000000e+01
-8.161075187563896179e+03 1.400000000000000000e+01
-8.171792043089866638e+03 1.000000000000000000e+01
-8.182509083271026611e+03 1.200000000000000000e+01
-8.193226116299629211e+03 1.700000000000000000e+01
-8.203943333983421326e+03 1.700000000000000000e+01
-8.214660832285881042e+03 1.700000000000000000e+01
-8.225378707170486450e+03 1.700000000000000000e+01
-8.236096478939056396e+03 9.000000000000000000e+00
-8.246814435482025146e+03 1.300000000000000000e+01
-8.257532960414886475e+03 1.500000000000000000e+01
-8.268251190423965454e+03 1.000000000000000000e+01
-8.278969701051712036e+03 1.200000000000000000e+01
-8.289688396573066711e+03 1.400000000000000000e+01
-8.300407660603523254e+03 1.600000000000000000e+01
-8.311126725554466248e+03 1.500000000000000000e+01
-8.321845975399017334e+03 1.200000000000000000e+01
-8.332565601825714111e+03 1.700000000000000000e+01
-8.343285413146018982e+03 1.200000000000000000e+01
-8.354005217313766479e+03 1.100000000000000000e+01
-8.364725206255912781e+03 1.500000000000000000e+01
-8.375445572137832642e+03 1.500000000000000000e+01
-8.386166026830673218e+03 5.000000000000000000e+00
-8.396886570334434509e+03 1.900000000000000000e+01
-8.407607586741447449e+03 1.400000000000000000e+01
-8.418328499913215637e+03 1.300000000000000000e+01
-8.429049693942070007e+03 1.000000000000000000e+01
-8.439770977139472961e+03 1.400000000000000000e+01
-8.450492636919021606e+03 1.000000000000000000e+01
-8.461214289903640747e+03 1.400000000000000000e+01
-8.471936319589614868e+03 9.000000000000000000e+00
-8.482658534288406372e+03 1.100000000000000000e+01
-8.493380741953849792e+03 1.200000000000000000e+01
-8.504103134512901306e+03 1.900000000000000000e+01
-8.514825808048248291e+03 1.800000000000000000e+01
-8.525548858523368835e+03 1.500000000000000000e+01
-8.536271806001663208e+03 1.000000000000000000e+01
-8.546994842410087585e+03 1.300000000000000000e+01
-8.557718447923660278e+03 9.000000000000000000e+00
-8.568442046284675598e+03 1.900000000000000000e+01
-8.579165733814239502e+03 1.500000000000000000e+01
-8.589889606356620789e+03 1.500000000000000000e+01
-8.600613951921463013e+03 1.400000000000000000e+01
-8.611338290452957153e+03 1.700000000000000000e+01
-8.622062718152999878e+03 1.400000000000000000e+01
-8.632787522912025452e+03 1.200000000000000000e+01
-8.643512320518493652e+03 1.800000000000000000e+01
-8.654237399458885193e+03 1.300000000000000000e+01
-8.664962567448616028e+03 1.200000000000000000e+01
-8.675688208460807800e+03 1.100000000000000000e+01
-8.686413746595382690e+03 1.100000000000000000e+01
-8.697139565944671631e+03 1.700000000000000000e+01
-8.707865762591362000e+03 1.300000000000000000e+01
-8.718591856002807617e+03 1.800000000000000000e+01
-8.729318038582801819e+03 1.900000000000000000e+01
