3.502558432817459106e+03 6.720000000000000000e+02
3.491912945270538330e+03 2.190000000000000000e+02
3.481267278671264648e+03 2.230000000000000000e+02
3.470621433377265930e+03 2.120000000000000000e+02
3.459975314855575562e+03 2.330000000000000000e+02
3.449329111814498901e+03 2.160000000000000000e+02
3.438682729721069336e+03 2.130000000000000000e+02
3.428036262989044189e+03 2.190000000000000000e+02
3.417389240622520447e+03 2.250000000000000000e+02
3.406742510199546814e+03 2.170000000000000000e+02
3.396095412492752075e+03 2.270000000000000000e+02
3.385448135972023010e+03 2.130000000000000000e+02
3.374800397753715515e+03 2.280000000000000000e+02
3.364152763366699219e+03 2.540000000000000000e+02
3.353505043983459473e+03 2.010000000000000000e+02
3.342857051610946655e+03 2.390000000000000000e+02
3.332208691835403442e+03 2.100000000000000000e+02
3.321560435652732849e+03 2.310000000000000000e+02
3.310911906123161316e+03 2.210000000000000000e+02
3.300263197779655457e+03 2.190000000000000000e+02
3.289614027619361877e+03 2.440000000000000000e+02
3.278965055465698242e+03 2.330000000000000000e+02
3.268315904259681702e+03 2.080000000000000000e+02
3.257666479587554932e+03 2.140000000000000000e+02
3.247016687512397766e+03 2.160000000000000000e+02
3.236366904973983765e+03 2.080000000000000000e+02
3.225716943144798279e+03 2.470000000000000000e+02
3.215066802501678467e+03 2.320000000000000000e+02
3.204416388392448425e+03 2.190000000000000000e+02
3.193765889286994934e+03 2.480000000000000000e+02
3.183115211248397827e+03 2.460000000000000000e+02
3.172464354038238525e+03 2.910000000000000000e+02
3.161813129186630249e+03 2.840000000000000000e+02
3.151161913633346558e+03 3.330000000000000000e+02
3.140510613322257996e+03 4.250000000000000000e+02
3.129859133839607239e+03 6.460000000000000000e+02
3.119207098245620728e+03 9.490000000000000000e+02
3.108555166125297546e+03 1.317000000000000000e+03
3.097903054833412170e+03 1.429000000000000000e+03
3.087250764489173889e+03 1.770000000000000000e+03
3.076598200440406799e+03 2.143000000000000000e+03
3.065945551633834839e+03 2.369000000000000000e+03
3.055292817831039429e+03 2.192000000000000000e+03
3.044639810442924500e+03 1.877000000000000000e+03
3.033986341238021851e+03 1.741000000000000000e+03
3.023332975268363953e+03 1.639000000000000000e+03
3.012679430365562439e+03 1.206000000000000000e+03
3.002025894522666931e+03 7.280000000000000000e+02
2.991371708154678345e+03 4.230000000000000000e+02
2.980717625498771667e+03 3.220000000000000000e+02
2.970063457608222961e+03 3.070000000000000000e+02
2.959409016013145447e+03 2.580000000000000000e+02
2.948754301190376282e+03 2.750000000000000000e+02
2.938099501013755798e+03 2.510000000000000000e+02
2.927444521784782410e+03 2.330000000000000000e+02
2.916789362907409668e+03 2.120000000000000000e+02
2.906133742094039917e+03 2.630000000000000000e+02
2.895478319048881531e+03 2.860000000000000000e+02
2.884822622179985046e+03 2.630000000000000000e+02
2.874166840434074402e+03 2.170000000000000000e+02
2.863510596275329590e+03 2.120000000000000000e+02
2.852854361414909363e+03 2.060000000000000000e+02
2.842197947144508362e+03 2.240000000000000000e+02
2.831541353464126587e+03 2.090000000000000000e+02
2.820884485960006714e+03 2.090000000000000000e+02
2.810227533459663391e+03 2.330000000000000000e+02
2.799570401430130005e+03 2.230000000000000000e+02
2.788913089990615845e+03 2.150000000000000000e+02
2.778255410671234131e+03 2.160000000000000000e+02
2.767597740292549133e+03 2.210000000000000000e+02
2.756939890503883362e+03 2.130000000000000000e+02
2.746281861305236816e+03 2.520000000000000000e+02
2.735623841047286987e+03 2.220000000000000000e+02
2.724965169906616211e+03 2.380000000000000000e+02
2.714306602239608765e+03 2.380000000000000000e+02
2.703647949218750000e+03 2.090000000000000000e+02
2.692989022374153137e+03 2.210000000000000000e+02
2.682329727411270142e+03 1.960000000000000000e+02
2.671670535922050476e+03 2.150000000000000000e+02
2.661011070489883423e+03 2.120000000000000000e+02
2.650351425528526306e+03 2.370000000000000000e+02
2.639691318035125732e+03 2.120000000000000000e+02
2.629031313896179199e+03 2.280000000000000000e+02
2.618371224522590637e+03 2.070000000000000000e+02
2.607710861086845398e+03 2.240000000000000000e+02
2.597050223827362061e+03 2.390000000000000000e+02
2.586389501452445984e+03 2.110000000000000000e+02
2.575728599309921265e+03 2.150000000000000000e+02
2.565067517399787903e+03 1.900000000000000000e+02
2.554406161785125732e+03 2.110000000000000000e+02
2.543744720578193665e+03 2.090000000000000000e+02
2.533083099842071533e+03 2.040000000000000000e+02
2.522421299576759338e+03 2.100000000000000000e+02
2.511759130716323853e+03 2.150000000000000000e+02
2.501096970915794373e+03 2.430000000000000000e+02
2.490434631586074829e+03 2.460000000000000000e+02
2.479772112250328064e+03 2.060000000000000000e+02
2.469109319090843201e+03 2.290000000000000000e+02
2.458446440458297729e+03 2.060000000000000000e+02
2.447783382058143616e+03 2.040000000000000000e+02
2.437120144009590149e+03 2.190000000000000000e+02
-2.343600561618804932e+02 2.330000000000000000e+02
-2.450686043500900269e+02 2.090000000000000000e+02
-2.557777136564254761e+02 2.130000000000000000e+02
-2.664866260290145874e+02 1.950000000000000000e+02
-2.771958150863647461e+02 2.220000000000000000e+02
-2.879051862955093384e+02 2.200000000000000000e+02
-2.986148345470428467e+02 2.150000000000000000e+02
-3.093245698213577271e+02 2.210000000000000000e+02
-3.200344873666763306e+02 2.320000000000000000e+02
-3.307445870637893677e+02 2.260000000000000000e+02
-3.414550583362579346e+02 2.260000000000000000e+02
-3.521655223369598389e+02 2.180000000000000000e+02
-3.628761683702468872e+02 2.370000000000000000e+02
-3.735869019031524658e+02 2.150000000000000000e+02
-3.842981017827987671e+02 2.710000000000000000e+02
-3.950092943906784058e+02 2.410000000000000000e+02
-4.057206692695617676e+02 2.340000000000000000e+02
-4.164322263002395630e+02 2.360000000000000000e+02
-4.271440601348876953e+02 2.270000000000000000e+02
-4.378559815883636475e+02 2.280000000000000000e+02
-4.485680851936340332e+02 2.190000000000000000e+02
-4.592802762985229492e+02 2.540000000000000000e+02
-4.699930287599563599e+02 2.480000000000000000e+02
-4.807056791782379150e+02 2.320000000000000000e+02
-4.914185116291046143e+02 2.400000000000000000e+02
-5.021315265893936157e+02 2.610000000000000000e+02
-5.128448184728622437e+02 2.380000000000000000e+02
-5.235581980943679810e+02 2.360000000000000000e+02
-5.342717598676681519e+02 2.710000000000000000e+02
-5.449854091405868530e+02 2.710000000000000000e+02
-5.556995251178741455e+02 2.710000000000000000e+02
-5.664135389328002930e+02 2.840000000000000000e+02
-5.771278301477432251e+02 2.750000000000000000e+02
-5.878423035144805908e+02 3.330000000000000000e+02
-5.985572437047958374e+02 3.760000000000000000e+02
-6.092720818519592285e+02 4.340000000000000000e+02
-6.199870074987411499e+02 5.280000000000000000e+02
-6.307022104263305664e+02 1.070000000000000000e+03
-6.414176905155181885e+02 2.047000000000000000e+03
-6.521332582235336304e+02 3.204000000000000000e+03
-6.628490082025527954e+02 4.151000000000000000e+03
-6.735649408102035522e+02 5.121000000000000000e+03
-6.842813402414321899e+02 6.615000000000000000e+03
-6.949974480867385864e+02 7.312000000000000000e+03
-7.057139278650283813e+02 7.876000000000000000e+03
-7.164305901527404785e+02 7.242000000000000000e+03
-7.271476244926452637e+02 6.299000000000000000e+03
-7.378646517992019653e+02 5.829000000000000000e+03
-7.485818614959716797e+02 5.172000000000000000e+03
-7.592992537021636963e+02 3.733000000000000000e+03
-7.700169233083724976e+02 2.377000000000000000e+03
-7.807346805334091187e+02 9.930000000000000000e+02
-7.914526202678680420e+02 6.440000000000000000e+02
-8.021707426309585571e+02 5.560000000000000000e+02
-8.128892371654510498e+02 4.730000000000000000e+02
-8.236077245473861694e+02 4.450000000000000000e+02
-8.343262996673583984e+02 4.060000000000000000e+02
-8.450450572967529297e+02 3.630000000000000000e+02
-8.557643768787384033e+02 3.610000000000000000e+02
-8.664835946559906006e+02 3.740000000000000000e+02
-8.772029949426651001e+02 3.290000000000000000e+02
-8.879225777387619019e+02 3.250000000000000000e+02
-8.986424382925033569e+02 2.850000000000000000e+02
-9.093623862266540527e+02 2.970000000000000000e+02
-9.200824223756790161e+02 2.670000000000000000e+02
-9.308027356863021851e+02 2.720000000000000000e+02
-9.415235162973403931e+02 2.670000000000000000e+02
-9.522441951036453247e+02 2.790000000000000000e+02
-9.629648667573928833e+02 2.270000000000000000e+02
-9.736859109401702881e+02 2.790000000000000000e+02
-9.844074223041534424e+02 2.480000000000000000e+02
-9.951287369728088379e+02 2.800000000000000000e+02
-1.005850329041481018e+03 2.550000000000000000e+02
-1.016572103977203369e+03 2.210000000000000000e+02
-1.027294156432151794e+03 2.570000000000000000e+02
-1.038016296863555908e+03 2.530000000000000000e+02
-1.048738620042800903e+03 2.670000000000000000e+02
-1.059461126089096069e+03 2.610000000000000000e+02
-1.070183814644813538e+03 2.300000000000000000e+02
-1.080906875848770142e+03 2.660000000000000000e+02
-1.091629930138587952e+03 2.370000000000000000e+02
-1.102353072285652161e+03 2.410000000000000000e+02
-1.113076492071151733e+03 2.210000000000000000e+02
-1.123800284504890442e+03 2.380000000000000000e+02
-1.134524069786071777e+03 2.540000000000000000e+02
-1.145248038172721863e+03 2.360000000000000000e+02
-1.155972189307212830e+03 2.360000000000000000e+02
-1.166696618199348450e+03 2.130000000000000000e+02
-1.177421134948730469e+03 2.100000000000000000e+02
-1.188145834684371948e+03 2.350000000000000000e+02
-1.198870622396469116e+03 2.200000000000000000e+02
-1.209595972537994385e+03 2.080000000000000000e+02
-1.220321220874786377e+03 2.540000000000000000e+02
-1.231046462416648865e+03 2.420000000000000000e+02
-1.241772076606750488e+03 2.270000000000000000e+02
-1.252498158454895020e+03 2.240000000000000000e+02
-1.263224138617515564e+03 2.260000000000000000e+02
-1.273950206518173218e+03 2.450000000000000000e+02
-1.284676552653312683e+03 2.280000000000000000e+02
-1.295403271317481995e+03 2.150000000000000000e+02
-1.306129888296127319e+03 2.180000000000000000e+02
-8.860287037730216980e+03 2.170000000000000000e+02
-8.871144269585609436e+03 2.110000000000000000e+02
-8.882001787066459656e+03 2.210000000000000000e+02
-8.892859782695770264e+03 2.430000000000000000e+02
-8.903717487812042236e+03 2.100000000000000000e+02
-8.914575574874877930e+03 2.160000000000000000e+02
-8.925433851599693298e+03 1.950000000000000000e+02
-8.936292606234550476e+03 2.270000000000000000e+02
-8.947151262640953064e+03 2.090000000000000000e+02
-8.958010012745857239e+03 2.430000000000000000e+02
-8.968869048833847046e+03 2.110000000000000000e+02
-8.979728370666503906e+03 1.940000000000000000e+02
-8.990587786436080933e+03 2.260000000000000000e+02
-9.001447392106056213e+03 2.020000000000000000e+02
-9.012307187557220459e+03 2.020000000000000000e+02
-9.023167461156845093e+03 1.950000000000000000e+02
-9.034027444124221802e+03 2.220000000000000000e+02
-9.044887809157371521e+03 2.070000000000000000e+02
-9.055748364210128784e+03 1.970000000000000000e+02
-9.066609301328659058e+03 2.080000000000000000e+02
-9.077470236420631409e+03 2.370000000000000000e+02
-9.088331361174583435e+03 1.990000000000000000e+02
-9.099192675948143005e+03 2.070000000000000000e+02
-9.110054276823997498e+03 1.960000000000000000e+02
-9.120915971636772156e+03 2.270000000000000000e+02
-9.131777856230735779e+03 1.940000000000000000e+02
-9.142639930844306946e+03 2.100000000000000000e+02
-9.153502387881278992e+03 2.250000000000000000e+02
-9.164364842534065247e+03 2.270000000000000000e+02
-9.175227391123771667e+03 2.060000000000000000e+02
-9.186090129733085632e+03 2.300000000000000000e+02
-9.196953442931175232e+03 2.180000000000000000e+02
-9.207816657781600952e+03 2.200000000000000000e+02
-9.218680062651634216e+03 2.190000000000000000e+02
-9.229543657660484314e+03 2.200000000000000000e+02
-9.240407538890838623e+03 2.250000000000000000e+02
-9.251271514058113098e+03 2.070000000000000000e+02
-9.262135679244995117e+03 2.080000000000000000e+02
-9.272999938488006592e+03 2.080000000000000000e+02
-9.283864772319793701e+03 2.090000000000000000e+02
-9.294729508042335510e+03 2.110000000000000000e+02
-9.305594241499900818e+03 2.170000000000000000e+02
-9.316459357500076294e+03 2.330000000000000000e+02
-9.327324951767921448e+03 2.200000000000000000e+02
-9.338190448164939880e+03 2.370000000000000000e+02
-9.349056038260459900e+03 2.190000000000000000e+02
-9.359921914935112000e+03 2.230000000000000000e+02
-9.370788174152374268e+03 2.160000000000000000e+02
-9.381654334902763367e+03 2.360000000000000000e+02
-9.392520782113075256e+03 2.150000000000000000e+02
-9.403387419700622559e+03 2.180000000000000000e+02
-9.414254535913467407e+03 2.390000000000000000e+02
-9.425121457695960999e+03 2.000000000000000000e+02
-9.435988665819168091e+03 2.330000000000000000e+02
-9.446855968236923218e+03 1.900000000000000000e+02
-9.457723749399185181e+03 2.270000000000000000e+02
-9.468591528534889221e+03 2.230000000000000000e+02
-9.479459497690200806e+03 2.220000000000000000e+02
-9.490327657461166382e+03 2.260000000000000000e+02
-9.501196103692054749e+03 2.960000000000000000e+02
-9.512064644098281860e+03 3.270000000000000000e+02
-9.522933374643325806e+03 4.760000000000000000e+02
-9.533802295684814453e+03 7.100000000000000000e+02
-9.544671599388122559e+03 1.003000000000000000e+03
-9.555540901184082031e+03 1.187000000000000000e+03
-9.566410393357276917e+03 1.500000000000000000e+03
-9.577279979705810547e+03 1.707000000000000000e+03
-9.588150045037269592e+03 2.041000000000000000e+03
-9.599020108342170715e+03 2.022000000000000000e+03
-9.609890362143516541e+03 1.766000000000000000e+03
-9.620760806322097778e+03 1.678000000000000000e+03
-9.631631344676017761e+03 1.488000000000000000e+03
-9.642502362251281738e+03 1.189000000000000000e+03
-9.653373377799987793e+03 9.290000000000000000e+02
-9.664244487643241882e+03 6.930000000000000000e+02
-9.675115884065628052e+03 4.230000000000000000e+02
-9.685987759828567505e+03 3.630000000000000000e+02
-9.696859537243843079e+03 3.030000000000000000e+02
-9.707731505155563354e+03 2.930000000000000000e+02
-9.718603471398353577e+03 2.730000000000000000e+02
-9.729476109147071838e+03 2.370000000000000000e+02
-9.740348552346229553e+03 2.300000000000000000e+02
-9.751221282601356506e+03 2.400000000000000000e+02
-9.762094203352928162e+03 2.570000000000000000e+02
-9.772967410802841187e+03 2.460000000000000000e+02
-9.783840712666511536e+03 2.320000000000000000e+02
-9.794714205145835876e+03 2.320000000000000000e+02
-9.805587888240814209e+03 2.230000000000000000e+02
-9.816462050437927246e+03 2.240000000000000000e+02
-9.827336018562316895e+03 2.160000000000000000e+02
-9.838210273504257202e+03 2.320000000000000000e+02
-9.849084622979164124e+03 2.200000000000000000e+02
-9.859959451556205750e+03 2.220000000000000000e+02
-9.870834278464317322e+03 2.460000000000000000e+02
-9.881709295988082886e+03 2.580000000000000000e+02
-9.892584504246711731e+03 1.820000000000000000e+02
-9.903459999442100525e+03 2.300000000000000000e+02
-9.914335589051246643e+03 2.140000000000000000e+02
-9.925211369395256042e+03 2.210000000000000000e+02
-9.936087340474128723e+03 2.100000000000000000e+02
-9.946963694691658020e+03 2.240000000000000000e+02
