5.614794980287551880e+03 8.910000000000000000e+02
5.604313860774040222e+03 2.190000000000000000e+02
5.593832662582397461e+03 2.210000000000000000e+02
5.583351197600364685e+03 2.210000000000000000e+02
5.572869465827941895e+03 2.280000000000000000e+02
5.562387561321258545e+03 2.120000000000000000e+02
5.551905577898025513e+03 1.910000000000000000e+02
5.541423327565193176e+03 2.130000000000000000e+02
5.530941092133522034e+03 2.130000000000000000e+02
5.520458590269088745e+03 2.140000000000000000e+02
5.509975915312767029e+03 2.070000000000000000e+02
5.499492879748344421e+03 2.050000000000000000e+02
5.489009859085083008e+03 2.190000000000000000e+02
5.478526759505271912e+03 2.230000000000000000e+02
5.468043393015861511e+03 1.980000000000000000e+02
5.457559853792190552e+03 2.080000000000000000e+02
5.447075953722000122e+03 2.090000000000000000e+02
5.436592068314552307e+03 2.130000000000000000e+02
5.426108104109764099e+03 2.120000000000000000e+02
5.415623873114585876e+03 1.950000000000000000e+02
5.405139469146728516e+03 2.230000000000000000e+02
5.394654704332351685e+03 2.080000000000000000e+02
5.384169954299926758e+03 2.170000000000000000e+02
5.373685125350952148e+03 2.220000000000000000e+02
5.363200029492378235e+03 2.340000000000000000e+02
5.352714666724205017e+03 2.550000000000000000e+02
5.342229130983352661e+03 2.390000000000000000e+02
5.331743515968322754e+03 2.400000000000000000e+02
5.321257634162902832e+03 2.490000000000000000e+02
5.310771860957145691e+03 2.490000000000000000e+02
5.300285633087158203e+03 2.730000000000000000e+02
5.289799232125282288e+03 2.910000000000000000e+02
5.279312752127647400e+03 4.380000000000000000e+02
5.268826005101203918e+03 6.020000000000000000e+02
5.258339272618293762e+03 8.340000000000000000e+02
5.247852273464202881e+03 9.780000000000000000e+02
5.237365007042884827e+03 1.116000000000000000e+03
5.226877567648887634e+03 1.298000000000000000e+03
5.216390049099922180e+03 1.609000000000000000e+03
5.205902451276779175e+03 1.591000000000000000e+03
5.195414586544036865e+03 1.563000000000000000e+03
5.184926360726356506e+03 1.263000000000000000e+03
5.174438149690628052e+03 1.318000000000000000e+03
5.163949765324592590e+03 1.170000000000000000e+03
5.153461020231246948e+03 8.780000000000000000e+02
5.142972571372985840e+03 4.910000000000000000e+02
5.132483479857444763e+03 3.360000000000000000e+02
5.121994402766227722e+03 2.480000000000000000e+02
5.111505152821540833e+03 2.390000000000000000e+02
5.101015541553497314e+03 2.500000000000000000e+02
5.090526226878166199e+03 2.070000000000000000e+02
2.883854970455169678e+03 1.790000000000000000e+02
2.873328445553779602e+03 1.970000000000000000e+02
2.862801934123039246e+03 2.000000000000000000e+02
2.852275530338287354e+03 1.870000000000000000e+02
2.841748480319976807e+03 2.190000000000000000e+02
2.831221443653106689e+03 1.820000000000000000e+02
2.820694043278694153e+03 1.940000000000000000e+02
2.810166656613349915e+03 2.250000000000000000e+02
2.799639377474784851e+03 2.230000000000000000e+02
2.789111451983451843e+03 1.940000000000000000e+02
2.778583539843559265e+03 2.050000000000000000e+02
2.768055358409881592e+03 2.060000000000000000e+02
2.757527001738548279e+03 1.990000000000000000e+02
2.746998564124107361e+03 2.010000000000000000e+02
2.736470045804977417e+03 2.180000000000000000e+02
2.725941258072853088e+03 1.990000000000000000e+02
2.715412200689315796e+03 2.050000000000000000e+02
2.704882968425750732e+03 2.200000000000000000e+02
2.694353654980659485e+03 2.130000000000000000e+02
2.683824260711669922e+03 1.890000000000000000e+02
2.673294502735137939e+03 2.150000000000000000e+02
2.662764663815498352e+03 2.020000000000000000e+02
2.652234555482864380e+03 2.150000000000000000e+02
2.641704271554946899e+03 2.150000000000000000e+02
2.631174095630645752e+03 2.200000000000000000e+02
2.620643461585044861e+03 2.060000000000000000e+02
2.610112746477127075e+03 2.300000000000000000e+02
2.599581667423248291e+03 2.340000000000000000e+02
2.589050601720809937e+03 2.340000000000000000e+02
2.578519360780715942e+03 1.970000000000000000e+02
2.567988038897514343e+03 2.360000000000000000e+02
2.557456447362899780e+03 2.130000000000000000e+02
2.546924492001533508e+03 2.360000000000000000e+02
2.536392549753189087e+03 2.750000000000000000e+02
2.525860432267189026e+03 2.970000000000000000e+02
2.515328233957290649e+03 3.730000000000000000e+02
2.504795765638351440e+03 4.320000000000000000e+02
2.494262933731079102e+03 4.910000000000000000e+02
2.483730114936828613e+03 5.950000000000000000e+02
2.473197120666503906e+03 6.310000000000000000e+02
2.462664045333862305e+03 6.320000000000000000e+02
2.452130700349807739e+03 5.660000000000000000e+02
2.441596991300582886e+03 4.650000000000000000e+02
2.431063295602798462e+03 4.600000000000000000e+02
2.420529424428939819e+03 3.990000000000000000e+02
2.409995189070701599e+03 3.850000000000000000e+02
2.399461155891418457e+03 2.710000000000000000e+02
2.388926663994789124e+03 2.520000000000000000e+02
2.378392091035842896e+03 1.900000000000000000e+02
2.367857248306274414e+03 2.180000000000000000e+02
2.357322230219841003e+03 2.310000000000000000e+02
2.346787319540977478e+03 2.230000000000000000e+02
2.336251950502395630e+03 2.120000000000000000e+02
2.325716405868530273e+03 1.860000000000000000e+02
2.315180780172348022e+03 2.170000000000000000e+02
2.304644884347915649e+03 2.250000000000000000e+02
2.294109096407890320e+03 2.070000000000000000e+02
2.283572849750518799e+03 1.950000000000000000e+02
2.273036427497863770e+03 1.970000000000000000e+02
2.262499924063682556e+03 1.720000000000000000e+02
2.251963150739669800e+03 1.990000000000000000e+02
2.241426201939582825e+03 2.160000000000000000e+02
2.230889266252517700e+03 2.210000000000000000e+02
2.220352060556411743e+03 2.440000000000000000e+02
2.209814679265022278e+03 1.770000000000000000e+02
2.199276933670043945e+03 2.100000000000000000e+02
2.188739201307296753e+03 2.150000000000000000e+02
2.178201576352119446e+03 1.980000000000000000e+02
2.167663303971290588e+03 2.040000000000000000e+02
2.157125044703483582e+03 2.100000000000000000e+02
2.146586421012878418e+03 1.870000000000000000e+02
2.136047810316085815e+03 1.930000000000000000e+02
2.125509212851524353e+03 2.260000000000000000e+02
2.114970156550407410e+03 2.120000000000000000e+02
2.104431019067764282e+03 2.290000000000000000e+02
2.093891611218452454e+03 2.030000000000000000e+02
2.083352028012275696e+03 2.040000000000000000e+02
2.072812363266944885e+03 2.140000000000000000e+02
2.062272617340087891e+03 2.270000000000000000e+02
2.051732506871223450e+03 1.960000000000000000e+02
2.041192314982414246e+03 1.980000000000000000e+02
3.524882433414459229e+02 2.150000000000000000e+02
3.419196441173553467e+02 2.440000000000000000e+02
3.313506785631179810e+02 2.250000000000000000e+02
3.207820090055465698e+02 2.150000000000000000e+02
3.102126891613006592e+02 1.960000000000000000e+02
2.996433812379837036e+02 2.240000000000000000e+02
2.890738962888717651e+02 1.950000000000000000e+02
2.785040446519851685e+02 1.940000000000000000e+02
2.679344892501831055e+02 1.910000000000000000e+02
2.573642832040786743e+02 2.020000000000000000e+02
2.467940893173217773e+02 2.240000000000000000e+02
2.362237181663513184e+02 2.190000000000000000e+02
2.256529804468154907e+02 2.260000000000000000e+02
2.150825388431549072e+02 2.200000000000000000e+02
2.045114465951919556e+02 2.410000000000000000e+02
1.939403663873672485e+02 2.280000000000000000e+02
1.833691089153289795e+02 2.280000000000000000e+02
1.727974847555160522e+02 2.680000000000000000e+02
1.622258727550506592e+02 3.580000000000000000e+02
1.516542725563049316e+02 5.790000000000000000e+02
1.410822111368179321e+02 6.240000000000000000e+02
1.305099724531173706e+02 8.380000000000000000e+02
1.199376511573791504e+02 1.018000000000000000e+03
1.093650575876235962e+02 1.246000000000000000e+03
9.879257094860076904e+01 1.269000000000000000e+03
8.821962285041809082e+01 1.123000000000000000e+03
7.764649724960327148e+01 1.042000000000000000e+03
6.707328903675079346e+01 1.013000000000000000e+03
5.649971401691436768e+01 1.024000000000000000e+03
4.592643511295318604e+01 7.190000000000000000e+02
3.535250532627105713e+01 5.350000000000000000e+02
2.477858734130859375e+01 3.610000000000000000e+02
1.420449197292327881e+01 2.650000000000000000e+02
3.630030035972595215e+00 2.620000000000000000e+02
-6.944420218467712402e+00 2.520000000000000000e+02
-1.751895308494567871e+01 2.380000000000000000e+02
-2.809375822544097900e+01 2.590000000000000000e+02
-3.866874086856842041e+01 2.840000000000000000e+02
-4.924409019947052002e+01 2.460000000000000000e+02
-5.981942784786224365e+01 2.550000000000000000e+02
-7.039484822750091553e+01 2.740000000000000000e+02
-8.097054064273834229e+01 2.800000000000000000e+02
-9.154641067981719971e+01 3.070000000000000000e+02
-1.021226478815078735e+02 3.990000000000000000e+02
-1.126988729238510132e+02 6.010000000000000000e+02
-1.232751809358596802e+02 1.151000000000000000e+03
-1.338517611026763916e+02 1.453000000000000000e+03
-1.444286136627197266e+02 2.321000000000000000e+03
-1.550056437253952026e+02 2.505000000000000000e+03
-1.655827567577362061e+02 3.533000000000000000e+03
-1.761601419448852539e+02 3.903000000000000000e+03
-1.867375154495239258e+02 4.017000000000000000e+03
-1.973151611089706421e+02 3.885000000000000000e+03
-2.078930792808532715e+02 3.213000000000000000e+03
-2.184711749553680420e+02 3.326000000000000000e+03
-2.290493535995483398e+02 2.727000000000000000e+03
-2.396276152133941650e+02 2.176000000000000000e+03
-2.502061491012573242e+02 1.119000000000000000e+03
-2.607849553823471069e+02 6.360000000000000000e+02
-2.713639394044876099e+02 3.380000000000000000e+02
-2.819430062770843506e+02 3.310000000000000000e+02
-2.925221562385559082e+02 2.690000000000000000e+02
-3.031015785932540894e+02 2.970000000000000000e+02
-3.136813679933547974e+02 2.500000000000000000e+02
-3.242611458301544189e+02 2.710000000000000000e+02
-3.348411012887954712e+02 2.540000000000000000e+02
-3.454214240312576294e+02 2.590000000000000000e+02
-3.560014506578445435e+02 2.690000000000000000e+02
-3.665821288824081421e+02 2.510000000000000000e+02
-3.771627954244613647e+02 2.580000000000000000e+02
-3.877436397075653076e+02 2.360000000000000000e+02
-3.983248511552810669e+02 2.300000000000000000e+02
-4.089057667255401611e+02 2.360000000000000000e+02
-4.194873338937759399e+02 2.270000000000000000e+02
-4.300688892602920532e+02 2.240000000000000000e+02
-4.406506224870681763e+02 2.120000000000000000e+02
-4.512327231168746948e+02 2.260000000000000000e+02
-4.618146224021911621e+02 2.290000000000000000e+02
-4.723968890905380249e+02 2.190000000000000000e+02
-4.829794285297393799e+02 2.170000000000000000e+02
-4.935621455907821655e+02 2.140000000000000000e+02
-5.041450407505035400e+02 2.180000000000000000e+02
-5.147280189990997314e+02 2.240000000000000000e+02
-5.253109854459762573e+02 2.210000000000000000e+02
-5.358944141864776611e+02 2.470000000000000000e+02
-5.464780207872390747e+02 2.120000000000000000e+02
-5.570617104768753052e+02 2.420000000000000000e+02
-5.676457678079605103e+02 2.350000000000000000e+02
-5.782295290231704712e+02 2.390000000000000000e+02
-5.888139420747756958e+02 2.220000000000000000e+02
-5.993983436822891235e+02 2.130000000000000000e+02
-6.099829231500625610e+02 2.490000000000000000e+02
-6.205678702592849731e+02 2.170000000000000000e+02
-6.311525213718414307e+02 2.060000000000000000e+02
-6.417378243207931519e+02 2.470000000000000000e+02
-6.523231155872344971e+02 1.820000000000000000e+02
-6.629085850715637207e+02 2.250000000000000000e+02
-6.734944219589233398e+02 2.060000000000000000e+02
-6.840802474021911621e+02 2.100000000000000000e+02
-6.946661561727523804e+02 2.170000000000000000e+02
-7.052523376941680908e+02 2.290000000000000000e+02
-1.234789844036102295e+03 1.870000000000000000e+02
-1.245385307192802429e+03 2.060000000000000000e+02
-1.255980474472045898e+03 1.970000000000000000e+02
-1.266576294660568237e+03 2.090000000000000000e+02
-1.277172103762626648e+03 2.140000000000000000e+02
-1.287768091320991516e+03 2.030000000000000000e+02
-1.298364447116851807e+03 2.100000000000000000e+02
-1.308960507035255432e+03 1.980000000000000000e+02
-1.319557219982147217e+03 2.230000000000000000e+02
-1.330153921723365784e+03 2.070000000000000000e+02
-1.340750802040100098e+03 1.890000000000000000e+02
-1.351348050713539124e+03 2.370000000000000000e+02
-1.361945288181304932e+03 2.080000000000000000e+02
-1.372542609453201294e+03 2.030000000000000000e+02
-1.383140204071998596e+03 2.150000000000000000e+02
-1.393738072276115417e+03 2.110000000000000000e+02
-1.404336119294166565e+03 2.230000000000000000e+02
-1.414934249877929688e+03 2.020000000000000000e+02
-1.425532464265823364e+03 2.070000000000000000e+02
-1.436130952239036560e+03 1.800000000000000000e+02
-1.446729713678359985e+03 2.070000000000000000e+02
-1.457328653931617737e+03 2.130000000000000000e+02
-1.467927772760391235e+03 2.090000000000000000e+02
-1.478526785612106323e+03 2.200000000000000000e+02
-1.489126261949539185e+03 1.840000000000000000e+02
-1.499725822091102600e+03 2.060000000000000000e+02
-1.510325655817985535e+03 2.040000000000000000e+02
-1.520925668358802795e+03 2.250000000000000000e+02
-1.531525764584541321e+03 2.150000000000000000e+02
-1.542125944614410400e+03 1.910000000000000000e+02
-1.552726398468017578e+03 1.960000000000000000e+02
-1.563327220916748047e+03 2.230000000000000000e+02
-1.573928032279014587e+03 2.240000000000000000e+02
-1.584529022455215454e+03 1.920000000000000000e+02
-1.595130096435546875e+03 2.190000000000000000e+02
-1.605731444120407104e+03 2.260000000000000000e+02
-1.616333160519599915e+03 2.280000000000000000e+02
-1.626934865951538086e+03 2.220000000000000000e+02
-1.637536750197410583e+03 2.230000000000000000e+02
-1.648138718366622925e+03 1.940000000000000000e+02
-1.658740960240364075e+03 2.300000000000000000e+02
-1.669343570828437805e+03 2.010000000000000000e+02
-1.679946170449256897e+03 1.870000000000000000e+02
-1.690548949003219604e+03 2.570000000000000000e+02
-1.701151811480522156e+03 1.910000000000000000e+02
-1.711755042791366577e+03 2.340000000000000000e+02
-1.722358452916145325e+03 2.220000000000000000e+02
-1.732961946964263916e+03 2.420000000000000000e+02
-1.743565714955329895e+03 1.980000000000000000e+02
-1.754169661998748779e+03 2.190000000000000000e+02
-1.764773502945899963e+03 2.030000000000000000e+02
-1.775377807736396790e+03 2.300000000000000000e+02
-1.785982196569442749e+03 2.520000000000000000e+02
-1.796586859345436096e+03 2.850000000000000000e+02
-1.807191701054573059e+03 3.450000000000000000e+02
-1.817796436905860901e+03 3.980000000000000000e+02
-1.828401541709899902e+03 8.010000000000000000e+02
-1.839007015347480774e+03 8.890000000000000000e+02
-1.849612478137016296e+03 1.236000000000000000e+03
-1.860218119859695435e+03 1.383000000000000000e+03
-1.870823845863342285e+03 1.902000000000000000e+03
-1.881429845571517944e+03 1.961000000000000000e+03
-1.892036214590072632e+03 1.845000000000000000e+03
-1.902642572522163391e+03 1.636000000000000000e+03
-1.913249109506607056e+03 1.403000000000000000e+03
-1.923856015682220459e+03 1.500000000000000000e+03
-1.934462625861167908e+03 1.096000000000000000e+03
-1.945069890141487122e+03 8.540000000000000000e+02
-1.955677143692970276e+03 4.710000000000000000e+02
-1.966284576177597046e+03 4.060000000000000000e+02
-1.976892377853393555e+03 2.860000000000000000e+02
-1.987499978661537170e+03 2.750000000000000000e+02
-1.998108043551445007e+03 2.240000000000000000e+02
-2.008716192483901978e+03 2.780000000000000000e+02
-2.019324615836143494e+03 2.190000000000000000e+02
-2.029933218240737915e+03 2.390000000000000000e+02
-2.040541714668273926e+03 2.240000000000000000e+02
-2.051150675535202026e+03 2.290000000000000000e+02
-2.061759815692901611e+03 2.310000000000000000e+02
-2.072369039773941040e+03 2.120000000000000000e+02
-2.082978538155555725e+03 2.300000000000000000e+02
-2.093588215827941895e+03 2.270000000000000000e+02
-2.104197787523269653e+03 2.350000000000000000e+02
-2.114807823538780212e+03 2.040000000000000000e+02
-2.125417943954467773e+03 2.140000000000000000e+02
-2.136028338432312012e+03 2.230000000000000000e+02
-2.146638912439346313e+03 2.160000000000000000e+02
-2.157249475598335266e+03 1.940000000000000000e+02
-2.167860312938690186e+03 2.170000000000000000e+02
-2.178471329689025879e+03 2.100000000000000000e+02
-2.189082715749740601e+03 2.310000000000000000e+02
-2.199694091081619263e+03 2.230000000000000000e+02
-2.210305550813674927e+03 2.270000000000000000e+02
-2.220917284727096558e+03 2.200000000000000000e+02
-2.231529198050498962e+03 1.910000000000000000e+02
-2.242141480803489685e+03 2.160000000000000000e+02
-2.252753752827644348e+03 2.110000000000000000e+02
-2.263366204261779785e+03 2.340000000000000000e+02
-2.273978740096092224e+03 2.090000000000000000e+02
-2.284591550111770630e+03 2.250000000000000000e+02
-2.295204729795455933e+03 2.050000000000000000e+02
-4.954110687971115112e+03 2.250000000000000000e+02
-4.964769186735153198e+03 2.080000000000000000e+02
-4.975427676439285278e+03 2.070000000000000000e+02
-4.986086061358451843e+03 2.230000000000000000e+02
-4.996745105266571045e+03 2.010000000000000000e+02
-5.007404139995574951e+03 2.220000000000000000e+02
-5.018063547492027283e+03 2.340000000000000000e+02
-5.028722945690155029e+03 2.360000000000000000e+02
-5.039382525801658630e+03 2.210000000000000000e+02
-5.050042192220687866e+03 1.830000000000000000e+02
-5.060702135682106018e+03 2.160000000000000000e+02
-5.071362356543540955e+03 2.090000000000000000e+02
-5.082022759199142456e+03 2.200000000000000000e+02
-5.092683248281478882e+03 2.150000000000000000e+02
-5.103343823671340942e+03 2.410000000000000000e+02
-5.114004676342010498e+03 1.820000000000000000e+02
-5.124665806412696838e+03 2.020000000000000000e+02
-5.135327118277549744e+03 2.240000000000000000e+02
-5.145988612055778503e+03 2.190000000000000000e+02
-5.156650001168251038e+03 2.210000000000000000e+02
-5.167311858534812927e+03 2.490000000000000000e+02
-5.177973802566528320e+03 2.220000000000000000e+02
-5.188636023879051208e+03 2.250000000000000000e+02
-5.199298427104949951e+03 2.010000000000000000e+02
-5.209960916638374329e+03 2.680000000000000000e+02
-5.220623492836952209e+03 3.290000000000000000e+02
-5.231286346316337585e+03 3.980000000000000000e+02
-5.241949572801589966e+03 8.370000000000000000e+02
-5.252612790107727051e+03 8.760000000000000000e+02
-5.263276189446449280e+03 1.202000000000000000e+03
-5.273939675331115723e+03 1.312000000000000000e+03
-5.284603438735008240e+03 1.802000000000000000e+03
-5.295267575025558472e+03 1.909000000000000000e+03
-5.305931702256202698e+03 1.913000000000000000e+03
-5.316596011519432068e+03 1.757000000000000000e+03
-5.327260407567024231e+03 1.396000000000000000e+03
-5.337925080895423889e+03 1.520000000000000000e+03
-5.348590127348899841e+03 1.202000000000000000e+03
-5.359255164742469788e+03 8.990000000000000000e+02
-5.369920384407043457e+03 4.880000000000000000e+02
-5.380585976958274841e+03 4.230000000000000000e+02
-5.391251369714736938e+03 3.010000000000000000e+02
-5.401917230963706970e+03 2.850000000000000000e+02
-5.412583178758621216e+03 2.620000000000000000e+02
-5.423249404311180115e+03 2.690000000000000000e+02
-5.433915811896324158e+03 2.440000000000000000e+02
-5.444582115054130554e+03 2.200000000000000000e+02
-5.455248886942863464e+03 2.240000000000000000e+02
-5.465915840864181519e+03 2.570000000000000000e+02
-5.476582881689071655e+03 2.240000000000000000e+02
-5.487250200033187866e+03 2.090000000000000000e+02
-5.497917413830757141e+03 2.270000000000000000e+02
-5.508585096478462219e+03 2.270000000000000000e+02
-5.519252961397171021e+03 2.190000000000000000e+02
-5.529920912981033325e+03 2.270000000000000000e+02
-5.540589142203330994e+03 2.090000000000000000e+02
-5.551257553696632385e+03 1.910000000000000000e+02
-5.561925956487655640e+03 2.070000000000000000e+02
-5.572594636917114258e+03 2.340000000000000000e+02
-5.583263499498367310e+03 2.240000000000000000e+02
-5.593932735562324524e+03 2.400000000000000000e+02
-5.604601962685585022e+03 2.140000000000000000e+02
-5.615271085619926453e+03 2.220000000000000000e+02
-5.625940868377685547e+03 1.990000000000000000e+02
-5.636610642433166504e+03 2.090000000000000000e+02
-5.647280789971351624e+03 2.360000000000000000e+02
-5.657950928688049316e+03 2.430000000000000000e+02
-5.668621058464050293e+03 2.340000000000000000e+02
-5.679291657328605652e+03 2.200000000000000000e+02
-5.689962343096733093e+03 2.120000000000000000e+02
-5.700633306622505188e+03 2.350000000000000000e+02
-5.711304452538490295e+03 2.030000000000000000e+02
-5.721975685238838196e+03 1.900000000000000000e+02
-5.732647004723548889e+03 1.900000000000000000e+02
-5.743318697810173035e+03 2.270000000000000000e+02
-5.753990477681159973e+03 1.740000000000000000e+02
-5.764662535429000854e+03 2.270000000000000000e+02
-5.775334775924682617e+03 2.220000000000000000e+02
-5.786006911754608154e+03 2.260000000000000000e+02
-5.796679516911506653e+03 2.150000000000000000e+02
-5.807352208852767944e+03 2.320000000000000000e+02
-5.818025274515151978e+03 2.060000000000000000e+02
-5.828698331475257874e+03 2.010000000000000000e+02
-5.839371475100517273e+03 2.290000000000000000e+02
-5.850044897198677063e+03 2.260000000000000000e+02
-5.860718501567840576e+03 2.020000000000000000e+02
-5.871392479538917542e+03 1.880000000000000000e+02
-5.882066448807716370e+03 2.030000000000000000e+02
-5.892740600824356079e+03 2.080000000000000000e+02
-5.903414839506149292e+03 2.000000000000000000e+02
-5.914089356422424316e+03 2.100000000000000000e+02
-5.924764247179031372e+03 1.890000000000000000e+02
-5.935439129114151001e+03 2.040000000000000000e+02
-5.946114193797111511e+03 2.020000000000000000e+02
-5.956789345383644104e+03 2.240000000000000000e+02
-5.967464775085449219e+03 1.960000000000000000e+02
-5.978140578627586365e+03 2.380000000000000000e+02
-5.988816373586654663e+03 2.250000000000000000e+02
-5.999492351174354553e+03 2.200000000000000000e+02
-6.010168415665626526e+03 2.180000000000000000e+02
-6.020844854235649109e+03 2.140000000000000000e+02
